# Theta_p / Theta_c, M_{ac} omega = 0.9, M_{ac} omega = 1, M_{ac} omega = 1.4
0.00 0.0001593609790340 0.0042762963658324 0.0012264340265045
0.10 0.0000914570350378 0.0044621707188752 0.0016606554448179
0.20 0.0012164790224172 0.0064181302186675 0.0021022412269045
0.30 0.0037589345582772 0.0083778549478077 0.0039063112538644
0.40 0.0071636488551480 0.0098686631398542 0.0046887166595224
0.50 0.0087132327529290 0.0108367812835808 0.0057961487418829
0.60 0.0124485350289747 0.0111011039632275 0.0077396673099457
0.70 0.0158102906974786 0.0120582667773382 0.0097443334725522
0.80 0.0188429741382496 0.0154017726196875 0.0081479820906585
0.90 0.0185273593990617 0.0158658642055112 0.0100284217554926
1.00 0.0209304211777213 0.0178678779168164 0.0110855103538434
