# Theta / Theta_c, M(Theta) 0 degree, M(Theta) 180 degree, M(Theta) control
0.000000 0.0000000000000000 0.0000000000000000 0.0000000000000000
0.050000 0.0000000000000000 0.0014659461704389 0.0000000000000000
0.100000 0.0000000000000000 0.0019537510484877 0.0000000000000000
0.150000 0.0000000000000000 0.0029270389143587 0.0000000000000000
0.200000 0.0000000000000000 0.0039123562302184 0.0000000000000000
0.250000 0.0000000000000000 0.0063517733379998 0.0000000000000000
0.300000 0.0000000000000000 0.0083149724107324 0.0004830917874396
0.350000 0.0000000000000000 0.0127128543643345 0.0004830917874396
0.400000 0.0000000000000000 0.0151735651681541 0.0014710412434576
0.450000 0.0004901960784314 0.0161539573250169 0.0024612373218889
0.500000 0.0014705882352941 0.0171248539905053 0.0054151100692652
0.550000 0.0024487295276842 0.0195762288157976 0.0073688843332905
0.600000 0.0024487295276842 0.0224847577082707 0.0098399255767481
0.650000 0.0039098222716040 0.0258904065647847 0.0133112314569280
0.700000 0.0043929140590436 0.0283608731022199 0.0148162565825561
0.750000 0.0048879635639941 0.0342292312453986 0.0182313835440355
0.800000 0.0048879635639941 0.0352003109823585 0.0216878603770186
0.850000 0.0083100762486516 0.0376707293459402 0.0221780564554500
0.900000 0.0107468716174494 0.0415953674077749 0.0241344586578545
0.950000 0.0141623175296928 0.0435468867687271 0.0281028749013138
1.000000 0.0161207106430357 0.0489276712791820 0.0335377589670877
1.050000 0.0195363396267507 0.0513766074369622 0.0369624985403136
1.100000 0.0239440001658690 0.0557957830866026 0.0393874294233616
1.150000 0.0263812145830312 0.0592251885720152 0.0433032909219410
1.200000 0.0302824464608996 0.0626425137674963 0.0467550085696966
1.250000 0.0336527017122963 0.0665334571020692 0.0531222302528381
1.300000 0.0341502141501073 0.0694609578003539 0.0545886038338610
1.350000 0.0371060233394546 0.0714124771613061 0.0570523494765048
1.400000 0.0414918566661309 0.0758128688081743 0.0590257302799891
1.450000 0.0439364059128859 0.0782452297988173 0.0624898376278856
1.500000 0.0473610686040492 0.0821550756290458 0.0664029079730952
1.550000 0.0488244832381956 0.0855942122328451 0.0683958825547413
1.600000 0.0517612724478780 0.0890258204088769 0.0718352837181142
1.650000 0.0556642445257158 0.0919530898618366 0.0757801786038146
1.700000 0.0586083500947777 0.0963508072141805 0.0806933248832812
1.750000 0.0629753711284896 0.1002753284987297 0.0831547522113138
1.800000 0.0668974540954073 0.1032360146732207 0.0870796634836488
1.850000 0.0698032895164189 0.1061559018294581 0.0905535747531139
1.900000 0.0742035384050553 0.1090972896617102 0.0934805679093113
1.950000 0.0761524360270239 0.1125338704638685 0.0959564668213473
2.000000 0.0790654976047239 0.1159681721113619 0.0994250701325694
