# alpha, M_c Theta_p / Theta_c = 0, M_c Theta_p / Theta_c = 0.2, M_c Theta_p / Theta_c = 0.4, M_c Theta_p / Theta_c = 0.6, M_c Theta_p / Theta_c = 0.8, M_c Theta_p / Theta_c = 1
0.000000 0.0351476369834932 0.0351227409271153 0.0320571169091147 0.0293817679286757 0.0222301142714268 0.0242386806964865
10.000000 0.0351576037609018 0.0351625260056600 0.0340335456328138 0.0293708596100396 0.0234812821077529 0.0292803077526326
20.000000 0.0380312049454458 0.0357862451538379 0.0327111960130118 0.0288064877035635 0.0215716823339870 0.0307205202009548
30.000000 0.0397532757788310 0.0370536623588912 0.0332768343544402 0.0287802120683867 0.0266337688018561 0.0357053307133073
40.000000 0.0386266935313989 0.0351596435483212 0.0320438501058369 0.0287886547341384 0.0266524837009300 0.0364635415474244
50.000000 0.0403351116355738 0.0370504177379460 0.0339342311287000 0.0319449044829328 0.0279379038250925 0.0386347481477933
60.000000 0.0339931105411773 0.0319417343514073 0.0300990372453906 0.0274519552355929 0.0285434915666860 0.0400518177122178
70.000000 0.0345515476272301 0.0319380002772337 0.0301319907182182 0.0300151545894611 0.0298729627490984 0.0400240346424268
80.000000 0.0357109010636415 0.0332261707621353 0.0313914932420885 0.0306129143117435 0.0330449191105063 0.0364999620299564
90.000000 0.0345514710327234 0.0325978126143973 0.0326758572227411 0.0319078063699056 0.0355919410540800 0.0407818495365663
100.000000 0.0351619902470918 0.0338861111246991 0.0307929014278325 0.0332964335218097 0.0355687816548564 0.0371540414187665
110.000000 0.0334890813831717 0.0313415125268575 0.0333985595762291 0.0364452566528308 0.0387398602569695 0.0400002487994831
120.000000 0.0329168377166949 0.0319976758948549 0.0327914870819607 0.0370844704071714 0.0387515612298929 0.0435192539939432
130.000000 0.0352191248904702 0.0339319263168053 0.0347116344383058 0.0352045306126346 0.0400141874925192 0.0478257818077305
140.000000 0.0363918823655533 0.0358699108129293 0.0353767877393236 0.0364782917143525 0.0399768806854355 0.0470871438627805
150.000000 0.0392400176817578 0.0403334621081985 0.0391653063118079 0.0402637413785568 0.0431380138332149 0.0534842445980602
160.000000 0.0409451517136831 0.0415931348420837 0.0417398605171478 0.0383617754938298 0.0469181239267124 0.0534367494834983
170.000000 0.0363439759990420 0.0358347225493300 0.0359622468350248 0.0377203233748818 0.0443555645943762 0.0570325302855912
180.000000 0.0345998665470371 0.0332508283261721 0.0359244616513510 0.0376941328447125 0.0418480262178387 0.0570295266785814
190.000000 0.0322843285236036 0.0313240031321762 0.0333731699188736 0.0351424437751195 0.0405558618425100 0.0513469899687949
200.000000 0.0322941800781520 0.0300466937139877 0.0308040410466172 0.0325546311099037 0.0367603610441702 0.0491555362280736
210.000000 0.0299719593495594 0.0281304843245616 0.0314426106507041 0.0319646712929380 0.0373737174801450 0.0499113098429017
220.000000 0.0287733620811947 0.0300138754708466 0.0339793796723702 0.0357673941455428 0.0399617359627212 0.0513843727790253
230.000000 0.0310365206458770 0.0306201281447359 0.0332859086566900 0.0351023408431799 0.0368200724822465 0.0492692987059592
240.000000 0.0333454139303046 0.0350796261226179 0.0352202441836478 0.0376454436739329 0.0342697263444413 0.0485383045539124
250.000000 0.0362649030236074 0.0363928585197773 0.0371205089177620 0.0344364582869008 0.0348617984553417 0.0464260949322523
260.000000 0.0368366675538250 0.0364039327168980 0.0345439548175511 0.0337650393789953 0.0342376188057383 0.0400406352167233
270.000000 0.0374055119251919 0.0383168974853789 0.0358261261920466 0.0331418786220232 0.0355412416073671 0.0371955293193088
280.000000 0.0367983154114266 0.0370110481315593 0.0364470591118302 0.0350797780131398 0.0310952005570327 0.0335819385961527
290.000000 0.0333649449433694 0.0357223452730364 0.0345084809934688 0.0325283399270389 0.0298326938499659 0.0328438357467841
300.000000 0.0368458578645390 0.0389472331650692 0.0371394669312629 0.0338208649411528 0.0323580693662823 0.0364154034738165
310.000000 0.0374272252587663 0.0376700517722808 0.0359203431081746 0.0332403177332568 0.0285547998735613 0.0378717579721790
320.000000 0.0385605947604739 0.0363707219852511 0.0326421064308057 0.0306668106365730 0.0260176038287620 0.0371706107009238
330.000000 0.0379924882274481 0.0363854873361526 0.0326747940264936 0.0286874142930053 0.0298537356284170 0.0350232212356377
340.000000 0.0368559398648078 0.0364035712890698 0.0346646245872821 0.0313201455915614 0.0254270412543234 0.0307315948329848
350.000000 0.0362712604437210 0.0363999223199036 0.0352664644597531 0.0300610052312974 0.0222487061794366 0.0278829502329790
360.000000 0.0351476369834932 0.0351227409271153 0.0320571169091147 0.0293817679286757 0.0222301142714268 0.0242386806964865
