# Theta_p / Theta_c, Delta M_c^+ mu = 0, Delta M_c^+ mu = 0.01, Delta M_c^+ mu = 0.03, Delta M_c^+ mu = 0.1, Delta M_c^+ mu = 0.3, Delta M_c^+ mu = 1, Delta M_c^+ mu = 3, Delta M_c^+ mu = 10
0.10 0.0014730972355928 -0.0000164867200100 0.0009717064493119 0.0004999022177829 -0.0005427628410868 -0.0005571457981658 -0.0005050632834608 -0.0000902605915920
0.20 0.0005424107594440 0.0004204732950294 0.0014428422348385 -0.0005204425854728 -0.0010985172834902 -0.0015792810072708 -0.0035765759698546 -0.0015470623087646
0.30 0.0000405366525399 0.0009129912636874 0.0004715276498935 -0.0015408492091418 -0.0030571855742528 -0.0050237301245409 -0.0056502545399575 -0.0013308313613590
0.40 -0.0019637881127476 -0.0014593210105174 -0.0009279172366393 -0.0036478337566056 -0.0034801150975903 -0.0069140854585928 -0.0091095831192843 -0.0035462071331383
0.50 -0.0020626415297444 -0.0034222697732897 -0.0038522409091462 -0.0046826283271976 -0.0064423714966078 -0.0058708441931997 -0.0110807775478922 -0.0085622809230237
0.60 -0.0058403966098224 -0.0062713816900284 -0.0047611515724008 -0.0047272304594857 -0.0119306940148622 -0.0113184123507698 -0.0101240895409927 -0.0114950283365409
0.70 -0.0077507201241685 -0.0091694343809379 -0.0086683069549022 -0.0101318899971901 -0.0158477781293617 -0.0207386899783632 -0.0140466701358427 -0.0172132961812173
0.80 -0.0140663867722727 -0.0111031506493140 -0.0120364420207095 -0.0159988777502091 -0.0179072444024833 -0.0216733424157223 -0.0222003846998430 -0.0197600486414860
0.90 -0.0160171511859836 -0.0115525902003150 -0.0135094682305484 -0.0194139530645388 -0.0228286817605342 -0.0295867480508998 -0.0320082318489635 -0.0301840161076722
1.00 -0.0204325782738843 -0.0154671989672341 -0.0188785173771799 -0.0218649577220440 -0.0296132821343546 -0.0335047830604449 -0.0355669605611452 -0.0332614372533660
