# time, time average ug 0 degree, time average ug 180 degree, time average ug control
3141.59 0.0378993874234644 0.1625276001919297 0.1043793742587539
6283.19 0.0572355674525363 0.1595332826501624 0.1186572556520956
9424.78 0.0654445703379935 0.1437070027372935 0.1244917144967146
12566.37 0.0791997476545628 0.1211278300826617 0.1295047661162693
15707.96 0.0875237830114548 0.1099807332169790 0.1397411548357962
18849.56 0.0967916325717953 0.1004539910746630 0.1443605074259276
21991.15 0.1005396346710239 0.0984096774439856 0.1456474716570213
25132.74 0.1073821184228867 0.0950859533237145 0.1428453925584929
28274.33 0.1052062325991139 0.0937980867164550 0.1464398595045951
31415.93 0.1045922735923861 0.0913678224506377 0.1459294602530106
34557.52 0.1026357608713572 0.0897250785942427 0.1449677066935542
37699.11 0.1060567720233583 0.0893254712692931 0.1434853196040746
40840.70 0.1090452975377945 0.0873692954524673 0.1448994298990470
43982.30 0.1080410317518622 0.0857660824419311 0.1464984700743314
47123.89 0.1091603401881951 0.0849839973221808 0.1503087068428096
50265.48 0.1123687825544151 0.0847827723895772 0.1485300953584484
53407.08 0.1150137333873937 0.0824560891534505 0.1443491892901528
56548.67 0.1132578077638516 0.0792065447582934 0.1435246596586994
59690.26 0.1157704693019868 0.0758265130359130 0.1415612330736807
62831.85 0.1154619783125750 0.0733027090796449 0.1377471208207426
65973.45 0.1155940446431295 0.0718115351853508 0.1337785626841800
69115.04 0.1177869001833430 0.0695553751006946 0.1313189306313456
72256.63 0.1168964138098448 0.0670720088055888 0.1276684858975763
75398.22 0.1165932945037048 0.0670076608514143 0.1229733312280391
78539.82 0.1141892833817103 0.0656023454646616 0.1196771923554074
81681.41 0.1148041620741201 0.0653846387412953 0.1170627329339886
84823.00 0.1146536828031998 0.0637669655704265 0.1143484871026980
87964.59 0.1144452532867787 0.0623363227109918 0.1113143074321857
91106.19 0.1127375622313520 0.0617915761587249 0.1084106285960718
94247.78 0.1120172368608337 0.0605316823285796 0.1058777470497601
97389.37 0.1116561742021025 0.0595652110035748 0.1037081116159006
100530.96 0.1093098481011454 0.0588465985732636 0.1022020823281542
103672.56 0.1081659315722031 0.0583892917429575 0.1010811520520355
106814.15 0.1071103090444480 0.0579655118542614 0.0988479067870181
109955.74 0.1057594898831384 0.0570955236613907 0.0972298715122869
113097.34 0.1042219175416568 0.0565113869008810 0.0957830092113003
116238.93 0.1032779799535416 0.0555804423892039 0.0938882620040082
119380.52 0.1022199959933275 0.0548399766201942 0.0918263244351194
122522.11 0.1009218247135329 0.0552040309031531 0.0897940800715579
125663.71 0.0998308443321555 0.0544703528780742 0.0879232136988600
128805.30 0.0985343566724553 0.0539418099243844 0.0862321514718269
131946.89 0.0978568202025726 0.0535806630741432 0.0846109000770750
135088.48 0.0970079756213167 0.0535464545298592 0.0830276754474086
138230.08 0.0965272363902218 0.0527986701084164 0.0811473419075999
141371.67 0.0960633583585920 0.0534667489058325 0.0793440676439405
144513.26 0.0949946170342637 0.0528590987338097 0.0776191966091777
147654.85 0.0942973651141286 0.0529384413016083 0.0759677243420224
150796.45 0.0940617060045415 0.0530980754269665 0.0743850634194162
153938.04 0.0927513692762321 0.0526317786121970 0.0728670009017113
157079.63 0.0913254265374781 0.0524687504060421 0.0714096608847313
