# Theta_p / Theta_c, Delta M_c^- mu = 0, Delta M_c^- mu = 0.01, Delta M_c^- mu = 0.03, Delta M_c^- mu = 0.1, Delta M_c^- mu = 0.3, Delta M_c^- mu = 1, Delta M_c^- mu = 3, Delta M_c^- mu = 10
0.10 0.0064556797576979 0.0019400874970860 0.0009136458406140 -0.0029872060937309 0.0078719012101514 0.0023202953560404 -0.0034484779564552 0.0012754632098903
0.20 0.0079739431937727 0.0028923910718825 -0.0000644701775537 -0.0029946303753253 0.0098161514150672 0.0037737168716707 -0.0015107090917943 0.0013633697606403
0.30 0.0094407749461677 0.0033801959499313 0.0004159978911505 -0.0005144887518882 0.0108240440366252 0.0057186491682359 -0.0031108568514520 0.0037518114784980
0.40 0.0113009935496228 0.0043668126284908 0.0024588243661089 0.0013788245389101 0.0113340280790421 0.0058374157164363 -0.0031353595832353 0.0059697812403801
0.50 0.0132131632139689 0.0071895482339351 0.0024636104035082 0.0047884289190216 0.0113789247287436 0.0078782688223256 0.0008180141483613 0.0049924195610365
0.60 0.0156407168113873 0.0077444531875962 0.0059150679090001 0.0075979534644734 0.0132517319921096 0.0074088087050516 0.0037580516589108 0.0090187214415491
0.70 0.0157626313145847 0.0102753933885690 0.0087599671695601 0.0085368497499818 0.0143090780257154 0.0086990181969551 0.0032878553886535 0.0115295245936985
0.80 0.0133417547238323 0.0107899923984246 0.0117408353764847 0.0085680496883599 0.0149068205246547 0.0111497091834434 0.0050331993103998 0.0119142357515138
0.90 0.0119888372092910 0.0137224710079008 0.0083287022247607 0.0094741086182409 0.0117378569732451 0.0063419661648244 -0.0018891910127472 0.0047340002186862
1.00 0.0099264438320286 0.0117945709315573 0.0116389252566664 0.0089626056395855 0.0148983686284053 0.0097620927784648 -0.0022029436353833 0.0072177879696225
