# Theta_p / Theta_c, Delta phi mu = 0, Delta phi mu = 0.01, Delta phi mu = 0.03, Delta phi mu = 0.1, Delta phi mu = 0.3, Delta phi mu = 1, Delta phi mu = 3, Delta phi mu = 10
0.00 0.0000000000000000 0.0000000000000000 0.0000000000000000 0.0000000000000000 0.0000000000000000 0.0000000000000000 0.0000000000000000 0.0000000000000000
0.10 0.0000052731045964 0.0001484581717955 0.0004032212638949 0.0001028980393225 0.0001190486827279 0.0000539617117665 0.0003645205585662 0.0000003495842571
0.20 0.0000017165541426 -0.0001816571749026 0.0006324110381750 0.0002588838208402 0.0002395591912555 0.0003680174415785 0.0003293411749602 0.0001463228390945
0.30 0.0000037885256871 0.0000165995880801 0.0005752734163530 0.0004149083972750 -0.0000441330930401 0.0005307928814954 0.0003359999043481 0.0001925211353138
0.40 0.0001443293927453 -0.0001544176489964 0.0008776034364794 0.0008104834811685 -0.0000295486269739 0.0000855567748341 0.0003530772434129 0.0002778874445499
0.50 0.0001931807964690 -0.0002830372545364 0.0010133267653846 0.0007366585750024 -0.0001406454352593 0.0010568405208330 0.0006763061132544 0.0000181259283278
0.60 0.0003665106442274 -0.0008419852167832 0.0010953255104563 0.0014663326501730 -0.0005717658148600 0.0016863196341257 0.0005197483923386 0.0000819957288216
0.70 0.0007599771544213 -0.0001803364684975 0.0013679812509488 0.0020808372532888 -0.0003992300799469 0.0025282697644652 0.0006294363037638 0.0008014990040504
0.80 0.0004837855977505 -0.0003278440126017 0.0022696049095308 0.0025003689223199 0.0009353202801899 0.0016678503606950 0.0014193748283853 0.0006737233963234
0.90 0.0012754211802736 0.0010688539049181 0.0017764762063802 0.0033212656037255 0.0017155646244856 0.0031650229839203 0.0014942449492674 0.0009003273444033
1.00 0.0008475239076780 0.0010058290195507 0.0014221348322148 0.0036482257788548 0.0028813469858831 0.0045038589398080 -0.0010208800675952 0.0016291288026710
