# time, ug 0 degree, ug 180 degree, ug control
0.00 0.0000000000000000 -0.0000000000000000 0.0000000000000000
157.08 0.0458019143061046 0.1771659387320466 0.1053975629281419
314.16 0.0412792343991703 0.1693667935856275 0.1034543744246859
471.24 0.0425087969997493 0.1774442147573154 0.0990962193690129
628.32 0.0439925207263299 0.1795725585722255 0.0986090698318708
785.40 0.0396881369133981 0.1737986494408173 0.0971222710905306
942.48 0.0368397876520563 0.1776835124478003 0.1021253191442146
1099.56 0.0377503480461497 0.1772295720548613 0.1060475824748359
1256.64 0.0382462565821675 0.1822795539904049 0.1090758921763592
1413.72 0.0375041589343401 0.1925033532202592 0.1148769608238381
1570.80 0.0385662133808545 0.1894249687697928 0.1216280420801835
1727.88 0.0395569424514141 0.1785140513546160 0.1244029867294380
1884.96 0.0368119278919735 0.1717310741345926 0.1085932873928414
2042.04 0.0366725692144936 0.1667838717102379 0.1055121749495656
2199.11 0.0372964069421501 0.1625566187396330 0.1074498832317679
2356.19 0.0337434037859290 0.1519789440625044 0.1080950893342982
2513.27 0.0358976445578508 0.1502024110920800 0.1072971582154876
2670.35 0.0396947505849500 0.1518741415660821 0.1171278545454463
2827.43 0.0448301584969630 0.1580700727599796 0.1212434342008321
2984.51 0.0513065766032426 0.1623717028477172 0.1304323222317283
3141.59 0.0586141188454867 0.1672761819883954 0.1380231908410907
3298.67 0.0656104423893872 0.1680445766492855 0.1485277019886176
3455.75 0.0716226346474187 0.1674691030738032 0.1556254963207787
3612.83 0.0739555837800186 0.1646155282424484 0.1530298003818516
3769.91 0.0742666379065069 0.1615668827665785 0.1497260161323801
3926.99 0.0705538978481402 0.1682134088368213 0.1468122655126528
4084.07 0.0689805282780604 0.1743032770826624 0.1403341113801836
4241.15 0.0643900954746069 0.1627458245704474 0.1359384290057947
4398.23 0.0656035855011607 0.1615371642685086 0.1291129801893957
4555.31 0.0697231152797127 0.1554348401687393 0.1189212428587995
4712.39 0.0726222502683842 0.1500691051214067 0.1156152217798055
4869.47 0.0770971072876542 0.1374042710423960 0.1125723388190038
5026.55 0.0821096521635219 0.1363297329821964 0.1171787071787437
5183.63 0.0829996704565187 0.1365982060739294 0.1222508619020816
5340.71 0.0859315219449123 0.1458273107448129 0.1196617691079684
5497.79 0.0886842826570448 0.1481142708848270 0.1238712599413060
5654.87 0.0904659180215086 0.1537586888396988 0.1294274746719745
5811.95 0.0896435329018764 0.1562409320073002 0.1327354899727441
5969.03 0.0870094488021569 0.1578917270735701 0.1314642516697972
6126.11 0.0915509251780891 0.1573382697500756 0.1378741312537743
6283.19 0.0954968953100580 0.1656175415804850 0.1374446351006668
6440.26 0.0940764174181578 0.1859529736446176 0.1344832018887521
6597.34 0.0923637305092646 0.1852684945497633 0.1299044533099566
6754.42 0.0943320771692452 0.1537478776435446 0.1300263981914555
6911.50 0.0910766752450055 0.1491407553070584 0.1372531265665929
7068.58 0.0968500732469727 0.1689480095721087 0.1468400641788509
7225.66 0.0922525571471323 0.1500231390583740 0.1521784790080583
7382.74 0.0877752209105367 0.1182421616376903 0.1504562193879986
7539.82 0.0885479696534706 0.1081502399537357 0.1402172652262524
7696.90 0.0879122687282828 0.1052638448308466 0.1422421181787858
7853.98 0.0852292940007994 0.1072424726949346 0.1405959867002004
8011.06 0.0729499952172410 0.1073735239632845 0.1412935972666645
8168.14 0.0665237561327103 0.1013046870320466 0.1298755944165642
8325.22 0.0672144639979967 0.0825783197444110 0.1297162313227511
8482.30 0.0696804397119953 0.0586370556680258 0.1267007903561302
8639.38 0.0634125823825230 0.0555695363585827 0.1266866292068074
8796.46 0.0646060900437711 0.0578229297024236 0.1215536003016575
8953.54 0.0703845977323685 0.0601333823807215 0.1253450212009038
9110.62 0.0739956166688770 0.0606700617655930 0.1347809112071035
9267.70 0.0825708009517510 0.0594018511428655 0.1456183207029025
9424.78 0.0918607285459377 0.0562946144067839 0.1529575656568084
9581.86 0.0959763363589541 0.0551052859548688 0.1627423093501845
9738.94 0.1036030536170142 0.0550317125806887 0.1679300314847285
9896.02 0.1104710697470629 0.0454697491404430 0.1694349094135172
10053.10 0.1197742717188470 0.0399842610693201 0.1686452510757307
10210.18 0.1209972136710246 0.0424976647377181 0.1587951332692750
10367.26 0.1138915108196498 0.0472524653043455 0.1448406768174470
10524.34 0.1110493326695811 0.0536472919332233 0.1343367253777759
10681.42 0.1117802754641476 0.0605073626530960 0.1257115347076072
10838.49 0.1183767810290878 0.0573627673020327 0.1189642345672298
10995.57 0.1218582970583519 0.0546737124326695 0.1254608954711004
11152.65 0.1214730616944062 0.0517839799849516 0.1271629838323245
11309.73 0.1227184538759985 0.0532184750334508 0.1348742181404548
11466.81 0.1188336916707683 0.0543582084403205 0.1369293973445211
11623.89 0.1316851388015177 0.0496387944086882 0.1332014150041954
11780.97 0.1434292159649601 0.0505772504719778 0.1369904152801618
11938.05 0.1451710870965632 0.0531011496124333 0.1419096148540183
12095.13 0.1438659568399808 0.0566485937816031 0.1477538164923826
12252.21 0.1342933200835298 0.0625633365027263 0.1494834650666600
12409.29 0.1281967953580284 0.0680895666239869 0.1527538262925443
12566.37 0.1264597569143373 0.0736559752295498 0.1577019781404653
12723.45 0.1248503077972649 0.0782543944884105 0.1716929961101545
12880.53 0.1227241455809950 0.0772738191296098 0.1904544258439368
13037.61 0.1178304549768261 0.0713537976344265 0.2027540064649495
13194.69 0.1124154078254176 0.0694101353917300 0.2015376491047505
13351.77 0.1042223803304098 0.0704342165084774 0.1995346855665270
13508.85 0.0923763046058078 0.0658996550424770 0.1988775767107564
13665.93 0.0951041668722141 0.0695658347880341 0.1994072430246885
13823.01 0.0970116949233207 0.0724637643016031 0.2204765213488235
13980.09 0.0983833065391342 0.0684929539039160 0.2452649818707638
14137.17 0.0988132001218707 0.0646375938950956 0.2477331688604830
14294.25 0.0993325338986810 0.0608891190313698 0.1973266115175582
14451.33 0.0972946798552634 0.0557432738782796 0.1798151338402393
14608.41 0.1025590599669257 0.0584647124523212 0.1709937297423329
14765.49 0.1100242380312484 0.0597215822736361 0.1398312634811635
14922.57 0.1200099916686716 0.0541706796991861 0.1358455612365667
15079.64 0.1345537949808578 0.0584946287768052 0.1336466404214026
15236.72 0.1656964781738976 0.0612633129605587 0.1330222525421655
15393.80 0.1949304708563829 0.0619200431907094 0.1368982979162849
15550.88 0.2018061148609288 0.0557374225087626 0.1509194705340659
15707.96 0.1699140869691891 0.0502558635336331 0.1766015413648089
15865.04 0.1594914424275130 0.0473144578792450 0.1805650816002976
16022.12 0.1674935251848783 0.0401507088157913 0.1673527727706957
16179.20 0.1881161931402317 0.0389246036922620 0.1668598444390330
16336.28 0.1788782926605955 0.0391515736764431 0.1853337280950422
16493.36 0.1487079715639643 0.0391917365780062 0.2074560927957325
16650.44 0.1388812552968085 0.0371957391450813 0.1932575079133090
16807.52 0.1359799811755150 0.0398376083161840 0.1672435834523835
16964.60 0.1289300572953072 0.0432382517304457 0.1540648605619212
17121.68 0.1282442442821185 0.0474979861502419 0.1396826271749924
17278.76 0.1162058489616455 0.0527795526204261 0.1391694864245336
17435.84 0.1239482811278981 0.0582244514393245 0.1485263224590832
17592.92 0.1324715346514417 0.0642312176605732 0.1613316076640722
17750.00 0.1412197110036436 0.0684865691430012 0.1607571091068527
17907.08 0.1482727765795226 0.0645840729641328 0.1644575072364130
18064.16 0.1449289412194153 0.0597783880368525 0.1582125944370887
18221.24 0.1373961765078733 0.0611156135758960 0.1643966289862285
18378.32 0.1284665413402988 0.0640745520542108 0.1718914762011063
18535.40 0.1234075895357024 0.0679509851859137 0.1709525751987312
18692.48 0.1216631565463963 0.0724216750639997 0.1710324596493666
18849.56 0.1167979839795661 0.0747613108689088 0.1679069396382852
19006.64 0.1138505234569905 0.0833352352217807 0.1695313970454124
19163.72 0.1178010378086789 0.0870059674888406 0.1573773280707063
19320.79 0.1216056042340476 0.0985072729764216 0.1523194953752369
19477.87 0.1254607085658004 0.1055043582216680 0.1384406533179299
19634.95 0.1308577254041403 0.1036702960365618 0.1336431924510947
19792.03 0.1361407704303415 0.1018908968227563 0.1395584418677224
19949.11 0.1433797885564403 0.1049207015049108 0.1432929101351268
20106.19 0.1433571635463683 0.1095842538275116 0.1471874879803003
20263.27 0.1307067273692730 0.1297038819049281 0.1503404631174453
20420.35 0.1290813378139873 0.1237200511205581 0.1688834979966090
20577.43 0.1228622861171272 0.0987698374903466 0.1809328991210372
20734.51 0.1268019866284650 0.0723135553199911 0.1745854903110630
20891.59 0.1296962433653326 0.0670013938103643 0.1668302135240209
21048.67 0.1305242692606911 0.0657214047555500 0.1618235471218328
21205.75 0.1242720470565495 0.0662332908074961 0.1602144365277318
21362.83 0.1107453855974182 0.0619508929172039 0.1643398389613994
21519.91 0.1061317263671866 0.0575193797705182 0.1523436511696674
21676.99 0.0964583312208544 0.0557172937208387 0.1266995178294889
21834.07 0.1040212985486545 0.0550446386112719 0.1111337393095570
21991.15 0.1081313956254790 0.0541652278214634 0.0940122242399217
22148.23 0.1162998827862372 0.0570767118331337 0.0892240924137462
22305.31 0.1289753016464213 0.0635448241120387 0.0940210046244453
22462.39 0.1450678882969278 0.0613588286880436 0.0976702360609756
22619.47 0.1599162370608325 0.0623932922654202 0.0971791267217468
22776.55 0.1622838647958027 0.0626421847723485 0.1095256336571465
22933.63 0.1508105596835081 0.0628329882887997 0.1233261381104246
23090.71 0.1467087217502416 0.0593796994033042 0.1332688969763742
23247.79 0.1562422407520043 0.0578047712615569 0.1391993602831205
23404.87 0.1866357307547888 0.0590498320823103 0.1458675584248283
23561.94 0.2156705818563400 0.0484527939621837 0.1534417207915344
23719.02 0.2120342682694981 0.0555702137863593 0.1616174991737935
23876.10 0.1706482556371468 0.0632240872695553 0.1598688500094516
24033.18 0.1606298540680585 0.0682503119636224 0.1510332187076905
24190.26 0.1686061554403971 0.0797576483575036 0.1343907293188899
24347.34 0.1861657256547615 0.0932894094869319 0.1201273640170663
24504.42 0.1715195513235313 0.1259584660059309 0.1181199286439771
24661.50 0.1386017801801395 0.1271796138917071 0.1158258141945556
24818.58 0.1173190206592647 0.0929312850387394 0.1107748273988204
24975.66 0.1033230774771407 0.0815354993453846 0.1161225536073650
25132.74 0.0951005505474534 0.0757321879881630 0.1159932381123683
25289.82 0.0907715868509126 0.0760978291825795 0.1169462025008800
25446.90 0.0928703999806822 0.0799346282115241 0.1221616369026971
25603.98 0.0918098447492092 0.0825809612922996 0.1320175598362882
25761.06 0.0899114310593236 0.0799847353048251 0.1474007474165070
25918.14 0.0893801930523860 0.0685391108446062 0.1598228418086600
26075.22 0.0832610309011770 0.0676830887265791 0.1910568991576890
26232.30 0.0839593446004576 0.0709233363425559 0.2347984272196528
26389.38 0.0982719617388482 0.0755551068331863 0.2918832424932504
26546.46 0.1070148342480996 0.0965073214234927 0.2551301126911232
26703.54 0.1077857518755614 0.1201275136112560 0.2059255085450660
26860.62 0.1049900982704415 0.1080518239135061 0.1868370692140597
27017.70 0.0984830171515025 0.0937635830557027 0.1933862336133264
27174.78 0.0925370725398643 0.0904846453328731 0.1916770775185277
27331.86 0.0858393406895584 0.0899430492870514 0.1703616020083924
27488.94 0.0774014900679165 0.0905813333994251 0.1471548816692735
27646.02 0.0677065873801833 0.0812791009903055 0.1419845323790865
27803.09 0.0608731727210298 0.0783505346209804 0.1477347971511210
27960.17 0.0655463374281847 0.0732705981616398 0.1617610180863509
28117.25 0.0724688743258452 0.0705125886450298 0.1898782731439366
28274.33 0.0788160646270983 0.0713955389867720 0.2072965635680890
28431.41 0.0940672452925940 0.0731128111131423 0.2077913743764300
28588.49 0.1063176116801665 0.0823316280931606 0.1850892453974510
28745.57 0.1141178428163034 0.0857547355498793 0.1855792848749179
28902.65 0.1127184252457429 0.0883416757720943 0.1749114961911517
29059.73 0.1066707487463508 0.0910228190782149 0.1598404866480002
29216.81 0.1068400544166331 0.0860547203349885 0.1487114005210254
29373.89 0.1085579976108289 0.0782494678875188 0.1377616506744033
29530.97 0.1099614673955883 0.0720498110229943 0.1299506840335315
29688.05 0.1038945635631964 0.0628745791458314 0.1169399327642783
29845.13 0.1029423865505656 0.0502646198581388 0.1072873058964643
30002.21 0.0968012190517697 0.0543148914146189 0.1021941483509337
30159.29 0.0976639422520122 0.0570091381379266 0.1011016653657857
30316.37 0.0973811537862885 0.0592503181186046 0.0949844605934787
30473.45 0.0888948310225054 0.0599710451092957 0.1009810082080526
30630.53 0.0904996299847121 0.0631970765165905 0.1096085681643316
30787.61 0.0928097781226898 0.0677109064715430 0.1225760809179693
30944.69 0.0909557880026351 0.0600607426760666 0.1376085460698752
31101.77 0.0890245983835055 0.0618920141110454 0.1461154193897669
31258.85 0.0923975020855284 0.0650503417671977 0.1503880177690681
31415.93 0.0861485883686372 0.0728182349223154 0.1534374106866799
31573.01 0.0686518010175293 0.0787436215141589 0.1567941796812147
31730.09 0.0599814730608567 0.0809983265072020 0.1653660579299520
31887.17 0.0548169349640267 0.0810377525690631 0.1628872525046349
32044.25 0.0552687944586312 0.0755564384498914 0.1406261291496204
32201.32 0.0564421617213019 0.0722115865397237 0.1409334897475257
32358.40 0.0568642823180968 0.0703216817720901 0.1805088376564997
32515.48 0.0558670668491371 0.0682077256103107 0.1895220626442904
32672.56 0.0525283646461682 0.0637717139763756 0.1821593948393795
32829.64 0.0585512665288461 0.0651553647313853 0.1690818940113415
32986.72 0.0663136888339355 0.0681343748691983 0.1551627356298307
33143.80 0.0779587511947017 0.0640145232867991 0.1278676833202123
33300.88 0.0850113620016735 0.0615088574878395 0.1174500574124492
33457.96 0.0942373901097362 0.0616556595504016 0.1050795190267327
33615.04 0.1033846446926927 0.0645309122922361 0.0992556894836606
33772.12 0.1162473301594683 0.0700051358888698 0.0942589305136213
33929.20 0.1238588127559257 0.0773722177272847 0.0911945226672125
34086.28 0.1249708508605385 0.0856014305364311 0.0913110181728175
34243.36 0.1316759374941027 0.0894658853582499 0.0932809361388461
34400.44 0.1326331711853562 0.0948413570160442 0.0908256207632890
34557.52 0.1369798146358428 0.1022761347237638 0.0841556683835879
34714.60 0.1346423940696931 0.1019873569736275 0.0862123687476327
34871.68 0.1301688166027826 0.0973872779901043 0.0924347626399159
35028.76 0.1351565415865243 0.0809587521097812 0.0967993699640354
35185.84 0.1195137812147067 0.0845956468173256 0.1030210482178976
35342.92 0.1029944523222663 0.0926275718344573 0.1045648679516206
35500.00 0.0925992257587781 0.0952387956632269 0.1061048703738868
35657.08 0.1006157610413259 0.0952826151494207 0.1140616085861797
35814.16 0.1070512679555111 0.0931571076904622 0.1187261651963976
35971.24 0.1047929361621892 0.0876264989943563 0.1217059436939797
36128.32 0.1042315808005289 0.0742518182160295 0.1317911919805854
36285.40 0.1099364862044036 0.0737702179338001 0.1476098200586932
36442.47 0.1216250924120145 0.0747188498400074 0.1652790392350379
36599.55 0.1372470048608727 0.0740439023384070 0.1776073397641819
36756.63 0.1588538861343999 0.0763520302771286 0.1787183282917573
36913.71 0.2035541206772205 0.0783925030199948 0.1702934938149178
37070.79 0.2252667150548009 0.0740320812536361 0.1564081718225179
37227.87 0.2342606403100168 0.0775945117145243 0.1372450335589505
37384.95 0.2057732817902278 0.0818654814271352 0.1261131079461147
37542.03 0.2084940943132853 0.0824366599297617 0.1247290321680792
37699.11 0.2567169868195944 0.0799771205536978 0.1371198362970493
37856.19 0.2828359108671463 0.0757658029959242 0.1550850025086216
38013.27 0.2845547509353659 0.0687216302414305 0.1681026747845106
38170.35 0.2490119576119097 0.0603011088533000 0.1628301576342188
38327.43 0.2239253808388159 0.0563900197853383 0.1598566622613591
38484.51 0.2293265835858306 0.0549330220951617 0.1571248601052651
38641.59 0.1980390671234177 0.0499360053376134 0.1576765114052719
38798.67 0.1595743352247566 0.0521122372606041 0.1555024990276161
38955.75 0.1373968835117971 0.0467773055729620 0.1516822708207926
39112.83 0.1148463277004150 0.0455757643675421 0.1674771992650236
39269.91 0.0959138478701636 0.0471933969429216 0.1856814348295119
39426.99 0.0844271326409533 0.0506247028041767 0.1757545324476170
39584.07 0.0668441943585645 0.0559787814483132 0.1540655992634754
39741.15 0.0654011631755627 0.0626475451381570 0.1498412545906310
39898.23 0.0679042770695316 0.0705777641317784 0.1681900658611247
40055.31 0.0718525300955428 0.0774538512688276 0.1923775981188313
40212.39 0.0797766229430808 0.0866047229381391 0.1777076550324999
40369.47 0.0819912681555645 0.0867672105996116 0.1545508055482774
40526.55 0.0748219960487426 0.0837928828047266 0.1508218907068661
40683.62 0.0729908576438426 0.0657728378709136 0.1559265582657506
40840.70 0.0741518370183680 0.0655098684563372 0.1662132447172439
40997.78 0.0696395105654944 0.0701648309232209 0.1857405372784100
41154.86 0.0766746020050243 0.0731927094527860 0.1774451140876923
41311.94 0.0869590754905993 0.0771396125666097 0.1637238490896034
41469.02 0.0879276966145131 0.0805789108577060 0.1642621087665628
41626.10 0.0947962999208099 0.0840348330795511 0.1629420648916209
41783.18 0.1083089080659352 0.0836177416752085 0.1769219104800639
41940.26 0.1125342158915748 0.0761016226989953 0.1716804115667251
42097.34 0.1086117454723020 0.0741229797672910 0.1613872703731299
42254.42 0.1052908699380458 0.0737807507367527 0.1580887925960036
42411.50 0.1068783470930654 0.0707383891866996 0.1565923872226092
42568.58 0.1018772981249517 0.0651308540416049 0.1568125619331430
42725.66 0.1029349023946207 0.0565321960697670 0.1530945527794911
42882.74 0.1052501899800463 0.0478282679960243 0.1558371393128148
43039.82 0.1031089457933512 0.0427497696231718 0.1580218947418762
43196.90 0.0977672835984481 0.0446810555763612 0.1577508869016611
43353.98 0.0938501902331047 0.0448095596551934 0.1570401495837489
43511.06 0.0904064187286611 0.0482517106191158 0.1696039605765655
43668.14 0.0875746039838003 0.0556733976601750 0.1975611898690481
43825.22 0.0851685897821342 0.0638472054566520 0.1949998202925655
43982.30 0.0839384172518051 0.0686096234003810 0.1881344154750237
44139.38 0.0834463943226387 0.0689673158531365 0.1892639169211570
44296.46 0.0799166950547463 0.0680913143492072 0.1946436918104862
44453.54 0.0796818389840749 0.0666487543004768 0.2151364476162179
44610.62 0.0763951093366119 0.0667713332071038 0.2021146489334930
44767.70 0.0813770395505183 0.0698899518631919 0.1849987935847669
44924.77 0.0885738364416441 0.0739172560718660 0.1801189522482243
45081.85 0.0988202408733491 0.0860267202313710 0.1768170843983975
45238.93 0.1085026609229420 0.1204839289580079 0.1771470022631871
45396.01 0.1148980205554108 0.1001260688393971 0.2013371049156526
45553.09 0.1207858483319242 0.0762531923160211 0.2381012368634342
45710.17 0.1340183738994413 0.0678760026682204 0.2177243469423238
45867.25 0.1505614270604717 0.0676930915245971 0.2097212549058519
46024.33 0.1592789926954435 0.0646911674125129 0.2167020201223553
46181.41 0.1946790493965191 0.0675548287887162 0.2391347275015794
46338.49 0.1952550778524741 0.0706126929393624 0.2508826103125095
46495.57 0.1818798077247793 0.0751075554876487 0.2478840419525210
46652.65 0.1579114892449417 0.0762006734581091 0.1961186819598099
46809.73 0.1494172305138761 0.0657373312015834 0.1712444939264315
46966.81 0.1572756159234903 0.0594373100426057 0.1758149593766476
47123.89 0.1740544290802353 0.0564116236605891 0.1947138250756654
47280.97 0.1750340381399906 0.0530537375078849 0.1926654647878768
47438.05 0.1886186773050692 0.0481283823290681 0.1592611693448703
47595.13 0.1594453491359016 0.0523523539860788 0.1313674820327589
47752.21 0.1286256698683087 0.0592054364048284 0.1102813090059277
47909.29 0.1221052519755669 0.0632989517547818 0.1084692032206154
48066.37 0.1220784957231415 0.0624377726623315 0.1106723026960684
48223.45 0.1330709860253546 0.0627089600511631 0.1180799975688953
48380.53 0.1419294357557515 0.0626581675126618 0.1200676583068605
48537.61 0.1550843721751067 0.0633358428154241 0.1086689851389383
48694.69 0.1661402162505025 0.0590381976374338 0.0931348214869323
48851.77 0.1829319307262302 0.0612487711700091 0.1028292398455670
49008.85 0.1863202390710849 0.0670478693730717 0.1038708650198901
49165.93 0.1845507383812705 0.0762491559614890 0.1035205461487035
49323.00 0.1768916296759707 0.0961205094110364 0.1052605149299654
49480.08 0.1661089059374276 0.1279172936360515 0.1070243008143386
49637.16 0.1550387343273691 0.1442259606510050 0.1074477644469447
49794.24 0.1554229320228108 0.1446844861560910 0.1175970248773497
49951.32 0.1622864953393599 0.1423109835509672 0.1173619079250145
50108.40 0.1741698340378467 0.1328535117784910 0.1247240791874321
50265.48 0.1908416052156547 0.1028968820364856 0.1278457188498951
50422.56 0.1988874815135884 0.0708719571063487 0.1225134471519675
50579.64 0.1862323118523461 0.0570815118243805 0.1164912588397378
50736.72 0.1529055369007063 0.0499663886641466 0.1124785064189993
50893.80 0.1242727438602285 0.0405081316336871 0.1086386992051182
51050.88 0.1209135794527541 0.0365622934739375 0.1023035633539655
51207.96 0.1184550529187466 0.0325473700791738 0.0968804057261837
51365.04 0.1239713212232637 0.0314758560649864 0.0887888971874435
51522.12 0.1386161200063593 0.0317679334621263 0.0835160597159559
51679.20 0.1556207638928887 0.0326032886103039 0.0752527118768402
51836.28 0.1692455864338780 0.0341946322005444 0.0585814424780657
51993.36 0.1736021131647333 0.0380343073687550 0.0526278876110648
52150.44 0.1659576339629053 0.0445376322721753 0.0483258720497777
52307.52 0.1782756623773637 0.0504302906313631 0.0426425480454624
52464.60 0.2434803330320424 0.0498820731074729 0.0459714306450231
52621.68 0.2474021259764360 0.0477644816086490 0.0502155024829540
52778.76 0.1592698198912626 0.0413263078054545 0.0493266986381787
52935.84 0.1127637105661460 0.0331752561624112 0.0515252508225613
53092.92 0.0958424476328600 0.0365772882206381 0.0542099621678329
53250.00 0.0901029844268779 0.0423792651754497 0.0609579806814564
53407.08 0.0829723849144719 0.0428872867924678 0.0707558010262515
53564.15 0.0804375576987330 0.0393310532503358 0.0834224132502483
53721.23 0.0684449542181074 0.0351455592605396 0.0901514873000256
53878.31 0.0648510743527111 0.0296724429339597 0.0938533098804167
54035.39 0.0618166872443885 0.0293750994714495 0.0954975587876796
54192.47 0.0627078288130524 0.0271054193823086 0.1027077162031925
54349.55 0.0640019545986249 0.0249644743356598 0.1145111564787370
54506.63 0.0623427021677230 0.0239568996634009 0.1300272358578795
54663.71 0.0656750397385929 0.0226984217379741 0.1616279236595224
54820.79 0.0705750758959342 0.0215204536519717 0.2112373763605147
54977.87 0.0777266215772648 0.0194422314699745 0.2106908126504771
55134.95 0.0826603469245540 0.0157981266249263 0.2024920013230463
55292.03 0.0906551102886266 0.0186716105823681 0.1838327456424969
55449.11 0.0934209632858337 0.0213705550175034 0.1665919051988525
55606.19 0.0989029657049016 0.0222375180116380 0.1560035068997258
55763.27 0.1048470019730378 0.0208171654630626 0.1464786496964453
55920.35 0.1131115432928856 0.0185727794541933 0.1238116413478236
56077.43 0.1146456603954187 0.0167694391547637 0.1018097703279321
56234.51 0.1066129677334058 0.0152976284163525 0.0785766942785763
56391.59 0.1017330024544279 0.0136516361375913 0.0660734123099845
56548.67 0.0975698498176125 0.0084406312822911 0.0738173279823584
56705.75 0.1043120690525080 0.0087285825897371 0.0801816262087688
56862.83 0.1043089628125648 0.0097189180854568 0.0867616378985071
57019.91 0.1043687536838478 0.0110601681003977 0.0953011160366199
57176.99 0.1082746484642926 0.0127804679103371 0.1032666989971920
57334.07 0.1234019215053772 0.0150229626523335 0.1044027172742786
57491.15 0.1567837234907900 0.0180555193113292 0.1027124522583222
57648.23 0.1630459760021217 0.0216774819177988 0.1031816318414210
57805.30 0.1516228797761421 0.0250405874283710 0.1066289125077560
57962.38 0.1554848346754494 0.0270191099865254 0.1089416760582717
58119.46 0.1804427323526124 0.0268883641153383 0.1263347816698139
58276.54 0.1921671397201674 0.0250831029526270 0.1214129918961264
58433.62 0.1763660084150247 0.0226317006381770 0.1197113897106218
58590.70 0.1659585384482288 0.0190379499927273 0.1118018983380018
58747.78 0.1730911879590995 0.0117306821827584 0.1165702696452220
58904.86 0.1953175081665512 0.0097186631860149 0.1201056429946955
59061.94 0.2017663080568856 0.0052054247290408 0.1214212029869740
59219.02 0.2151685600842748 0.0059617629264143 0.1151735748869868
59376.10 0.2304588954252775 0.0071548691728686 0.1073937109154821
59533.18 0.2200570418595985 0.0087618915007746 0.0992698307594486
59690.26 0.1865037762852609 0.0109925011854863 0.0910331181869195
59847.34 0.1663968978663302 0.0140902821579747 0.0888342931467039
60004.42 0.1414619926535673 0.0186418564048669 0.0875405308883242
60161.50 0.1272383313101228 0.0249510493459395 0.0906528595385849
60318.58 0.1272700791278284 0.0305033164352301 0.0801662248460755
60475.66 0.1163809909054099 0.0279521128057007 0.0609644332134983
60632.74 0.1102529291397677 0.0239142094750097 0.0497147181169869
60789.82 0.1062578280277428 0.0216372201753052 0.0431770591059815
60946.90 0.1145761007570366 0.0204282208258462 0.0363686095403607
61103.98 0.1145259975798002 0.0197971256336556 0.0277812230181324
61261.06 0.1107933933584427 0.0191422728740812 0.0303301339775613
61418.14 0.1035543353854571 0.0189086100883366 0.0358837546544749
61575.22 0.1017207950685735 0.0190056709658130 0.0433706205817093
61732.30 0.0958447629100908 0.0211106351069241 0.0560395296166599
61889.38 0.0829762460408376 0.0233103344714279 0.0692058284926469
62046.45 0.0804717468162189 0.0268439841383412 0.0766735404329918
62203.53 0.0759446360159510 0.0306880805246794 0.0804943331824800
62360.61 0.0758989938823394 0.0345506133257175 0.0830229190821001
62517.69 0.0765335819668802 0.0413899907424062 0.0856963142274032
62674.77 0.0774095751773636 0.0591505915282741 0.0886297164487763
62831.85 0.0801816488478824 0.0618621155054682 0.0878127310535638
62988.93 0.0864787302869673 0.0353090479627138 0.0764531221002095
63146.01 0.0881222160304556 0.0243644765612579 0.0630541828851374
63303.09 0.1046953178221054 0.0132993674266620 0.0564804339195844
63460.17 0.1156622038079722 0.0157481121328248 0.0465721370682562
63617.25 0.1149656441340044 0.0190808688722182 0.0457457488946787
63774.33 0.1145174923744742 0.0224272993902703 0.0377089497676513
63931.41 0.1085526135930224 0.0216205567930081 0.0299406214699210
64088.49 0.1127801156068408 0.0239908034113707 0.0301636107018920
64245.57 0.1156637196777667 0.0261153011107816 0.0323781124377607
64402.65 0.1382593755744588 0.0269674213364834 0.0362084747488688
64559.73 0.1340403600962545 0.0269742402947641 0.0418842764363044
64716.81 0.1131947491789877 0.0286142950987136 0.0424617004836301
64873.89 0.1202225279637743 0.0334190390628716 0.0450588945173463
65030.97 0.1416077548622370 0.0442570923236199 0.0504753205492332
65188.05 0.1564119264382560 0.0703303106369985 0.0549422819929729
65345.13 0.1382004336192083 0.0984473042047569 0.0577371877341063
65502.21 0.1263973032689471 0.0931517262405677 0.0649520744630054
65659.29 0.1244752028209211 0.0823591182745817 0.0774562577648135
65816.37 0.1302780890798401 0.0714226493494645 0.1106618800696424
65973.45 0.1355779141079382 0.0503474904595588 0.1360771036330547
66130.53 0.1386784725039452 0.0394609186349641 0.1426705519386941
66287.60 0.1442226123303136 0.0354411632149491 0.1523672449912832
66444.68 0.1523041453302643 0.0282408056083998 0.1283083628224622
66601.76 0.1666129598483848 0.0230094824650318 0.1068206796304180
66758.84 0.1609538958939417 0.0194577778803688 0.0861774542724092
66915.92 0.1403584272236201 0.0169627325188483 0.0781695568765755
67073.00 0.1344448833974235 0.0153692208995872 0.0760885681036105
67230.08 0.1481189829649335 0.0143743019107183 0.0765885165149642
67387.16 0.1575176990767509 0.0104934980333118 0.0693200515336986
67544.24 0.1870512056655649 0.0119295743743970 0.0575298463366208
67701.32 0.2072174192178437 0.0134298849152952 0.0490689513509539
67858.40 0.2148497294928630 0.0153442283027054 0.0363891292458042
68015.48 0.2168376593765853 0.0178011996355989 0.0358501310100864
68172.56 0.1857796987265366 0.0209971808183020 0.0406877208842894
68329.64 0.1714257902093131 0.0251060384354836 0.0477479835764612
68486.72 0.1647487208671233 0.0290029203043975 0.0548543406457565
68643.80 0.1633021194661065 0.0225181562140255 0.0609716814533236
68800.88 0.1559661938816364 0.0186784718603877 0.0719974611370665
68957.96 0.1307688009754654 0.0155552199719308 0.0856478144789376
69115.04 0.1191701170170775 0.0130097632202304 0.1016306011549731
69272.12 0.1055751332852820 0.0111128836054443 0.1426929420942104
69429.20 0.0933962310880659 0.0092377203366440 0.1322760909044160
69586.28 0.0851099176471846 0.0024592397416272 0.1169886436711897
69743.36 0.0926607986802769 0.0025566310543865 0.0746895563620959
69900.44 0.0994110132129554 0.0027601017101365 0.0559640228946774
70057.52 0.0987875677546575 0.0029938612921413 0.0333135664916172
70214.60 0.1080926833053280 0.0033997986732260 0.0358153998430619
70371.68 0.1258890346664184 0.0040001960610029 0.0316094230583254
70528.76 0.1353946903817213 0.0048329185692404 0.0274380875885706
70685.83 0.1191140232204787 0.0059987635169323 0.0223441910848982
70842.91 0.0998700160572077 0.0076485705441324 0.0212317375510142
70999.99 0.0899595907837488 0.0100382838694029 0.0194151646070525
71157.07 0.0850494850719032 0.0136445763723159 0.0181433182953866
71314.15 0.0817069620673895 0.0189608183027223 0.0170130737386424
71471.23 0.0802019045060223 0.0260927305697924 0.0173399888279066
71628.31 0.0792304971853908 0.0312465185375594 0.0177011994697614
71785.39 0.0767080329873005 0.0288888079991025 0.0197814724469230
71942.47 0.0820275448603820 0.0255832462797146 0.0211639823924690
72099.55 0.0887590280788977 0.0242935760094834 0.0206215726158247
72256.63 0.1024586547046929 0.0242824246664798 0.0160564326426296
72413.71 0.1209892589889099 0.0242526273579471 0.0143916248825120
72570.79 0.1389201435754878 0.0250467209789193 0.0128934565844778
72727.87 0.1516160517170728 0.0267344301217001 0.0115982850099507
72884.95 0.1534979676708832 0.0295700678123092 0.0106790953634254
73042.03 0.1562347888294001 0.0341898881182748 0.0059118365838096
73199.11 0.1447247181895434 0.0404714592354759 0.0059972622394933
73356.19 0.1464737118657783 0.0480343311085463 0.0065425185051274
73513.27 0.1285902649159220 0.0681145717814858 0.0072343199631195
73670.35 0.1215444780544921 0.1048883000813460 0.0080660834339450
73827.43 0.1198366999078339 0.1045864995545380 0.0090486143063082
73984.51 0.1106129314278124 0.1047327432488242 0.0102279210685746
74141.59 0.0918569362028798 0.1048047303563433 0.0117521299178494
74298.67 0.0706721772908796 0.1052222318912307 0.0137951073896707
74455.75 0.0622628277321791 0.1060648246515909 0.0163396187831702
74612.83 0.0623618088582286 0.0907612666970654 0.0196186998511993
74769.91 0.0671821454194811 0.0790317895743744 0.0238663794113772
74926.98 0.0759881541540682 0.0668974364397632 0.0291248116454671
75084.06 0.0823285588110786 0.0627287332780263 0.0328410847173898
75241.14 0.0842787309330794 0.0601380811537585 0.0337101942742050
75398.22 0.0838998572668642 0.0557494172698424 0.0307549886345256
75555.30 0.0840504435111679 0.0514372091486741 0.0282452361119431
75712.38 0.0833141921506580 0.0450366498021620 0.0266087981534312
75869.46 0.0789750789260846 0.0368390685318493 0.0237402028673782
76026.54 0.0729891752490853 0.0325865189319378 0.0226569570674869
76183.62 0.0628139458510749 0.0335209231660979 0.0232514887477323
76340.70 0.0588711254547847 0.0334502273452503 0.0242532950541699
76497.78 0.0528396194690689 0.0285144761685828 0.0245049532137093
76654.86 0.0409012751564725 0.0215442989585727 0.0291575379710740
76811.94 0.0387668063881991 0.0186806921439405 0.0349499345863980
76969.02 0.0399539412323456 0.0178991396841647 0.0426362546712371
77126.10 0.0352394657407137 0.0179566816549859 0.0498538933327201
77283.18 0.0380556079277780 0.0188653344527803 0.0554426884524865
77440.26 0.0391952379058906 0.0207804336999972 0.0617374297209595
77597.34 0.0396681881743860 0.0218175576391289 0.0607490042836273
77754.42 0.0421988984297691 0.0274781709328799 0.0570523896584803
77911.50 0.0473366621490396 0.0327462975263463 0.0544005562546794
78068.58 0.0551840741194273 0.0348116726528838 0.0479250229176950
78225.66 0.0653832500573482 0.0394303038340219 0.0508815236619164
78382.74 0.0702234839166875 0.0483504501078401 0.0625950328832795
78539.82 0.0766738003614761 0.0631624641588927 0.0578645040027121
78696.90 0.0803558755121657 0.0955698241402951 0.0560636546181855
78853.98 0.0787352119034703 0.0976321315339847 0.0570043716305726
79011.06 0.0771729222088337 0.0710870914182885 0.0612087044014307
79168.13 0.0775357783930090 0.0606962934842252 0.0672437673010390
79325.21 0.0787362479208769 0.0577297415839772 0.0742532487361071
79482.29 0.0802903627509438 0.0550184867885746 0.0733270214981372
79639.37 0.0839960460423368 0.0548350207632494 0.0634929135023560
79796.45 0.0989678391696727 0.0631209537801402 0.0551540592982468
79953.53 0.1203293631906207 0.0658742847426732 0.0495653194511444
80110.61 0.1515706904716930 0.0587811994785520 0.0459177001206490
80267.69 0.1629817432637558 0.0553853558106111 0.0428873089800993
80424.77 0.1767573187694403 0.0520339587970485 0.0400777514720295
80581.85 0.1857090937811510 0.0585392214567709 0.0319135265502662
80738.93 0.2217108732316158 0.0714153145245541 0.0337575185494999
80896.01 0.2192465096192053 0.0641913921281260 0.0362063650917204
81053.09 0.1837606558610740 0.0518058039780259 0.0409372311467199
81210.17 0.1635933538403856 0.0341481030032695 0.0452066963033542
81367.25 0.1530661733643604 0.0336866815433386 0.0498321459528761
81524.33 0.1323327280311805 0.0341260900281707 0.0521111393632158
81681.41 0.1008603895250743 0.0341074412641794 0.0533528705956711
81838.49 0.0817705888902118 0.0309213625417274 0.0569576548911331
81995.57 0.0682240584246168 0.0266227945741351 0.0589856596563132
82152.65 0.0602880960677726 0.0193895003766399 0.0525309388501430
82309.73 0.0624202764451421 0.0172238421860161 0.0445134085692804
82466.81 0.0666350332885064 0.0164406207091568 0.0379377813811213
82623.89 0.0719017949231792 0.0160969572995620 0.0300005225007694
82780.97 0.0774628534802210 0.0158696778981488 0.0281978057965273
82938.05 0.0820504834828833 0.0135083857397101 0.0276268237288513
83095.13 0.0957033140819700 0.0158339133605038 0.0272691433558925
83252.21 0.1060502148668377 0.0184862607802759 0.0280233647821975
83409.28 0.1151939501139234 0.0212573183533297 0.0293394295086501
83566.36 0.1287451946626492 0.0241998165886225 0.0367463586172948
83723.44 0.1392748788611217 0.0271033639403196 0.0447920343351285
83880.52 0.1504103534542976 0.0291964444905214 0.0516353087465899
84037.60 0.1628686679852683 0.0293253774525875 0.0526542735206334
84194.68 0.1664843438369350 0.0269706103410078 0.0555864788192403
84351.76 0.1698378947571302 0.0184627365030374 0.0575561574692962
84508.84 0.1512139595191741 0.0168568304377811 0.0535188881438195
84665.92 0.1574280885185502 0.0162760077195124 0.0483370065143088
84823.00 0.1614365183040613 0.0149989953940405 0.0442384847645813
84980.08 0.1574944067096981 0.0129032472197137 0.0399433095373257
85137.16 0.1557285798444975 0.0115789641371432 0.0314512083859439
85294.24 0.1453997581991904 0.0126135853465108 0.0252476475501371
85451.32 0.1245868248701122 0.0135274837347801 0.0221181290334307
85608.40 0.1110802841581762 0.0143314728067877 0.0212665339709316
85765.48 0.1033607467932089 0.0151560095464978 0.0156005900759610
85922.56 0.0980596452047583 0.0162342797152484 0.0200482630841601
86079.64 0.1038755953568063 0.0179109049353830 0.0244816248093235
86236.72 0.1111584551256719 0.0206098964041400 0.0264750478195963
86393.80 0.1293843235619794 0.0216354110235824 0.0258010875972239
86550.88 0.1246263520625853 0.0274885200615567 0.0261494485525438
86707.96 0.1030095200607100 0.0324527254649864 0.0268732168824976
86865.04 0.0903138332829121 0.0306741219415232 0.0270193135923484
87022.12 0.0793004577900616 0.0297549026768969 0.0274374392700082
87179.20 0.0779447990592977 0.0306511161876285 0.0281084403497201
87336.28 0.0934597097510786 0.0321059504984054 0.0326752153270564
87493.36 0.0844377021106906 0.0346788306974237 0.0371098505365308
87650.44 0.0639172375716933 0.0393951611452983 0.0413455741008087
87807.51 0.0577783770510038 0.0454777311875528 0.0444387013269146
87964.59 0.0587692958567445 0.0574961282922770 0.0472064315991325
88121.67 0.0632798087446949 0.0709330834919038 0.0453167765095881
88278.75 0.0707870895135773 0.0956077664520627 0.0415349109179330
88435.83 0.0750396328172239 0.1086748146580553 0.0375772360761308
88592.91 0.0775734276035719 0.0813904222350202 0.0339828888554616
88749.99 0.0792372867273157 0.0569573110833675 0.0317018035449829
88907.07 0.0867793262505113 0.0441802135736135 0.0360831397602032
89064.15 0.0866799380919861 0.0378376877930183 0.0428054028585246
89221.23 0.0836960391868145 0.0325309849294265 0.0411649389010175
89378.31 0.0691282801870421 0.0294184206963535 0.0365192771991032
89535.39 0.0566198404658851 0.0286855860770936 0.0320174335412534
89692.47 0.0509742099682517 0.0254982825245455 0.0273333694870874
89849.55 0.0490256144784967 0.0246754011641745 0.0231328083258603
90006.63 0.0494371119318475 0.0257536482988157 0.0191457831514651
90163.71 0.0482983692332321 0.0286979842283522 0.0104799118034510
90320.79 0.0483547727506043 0.0330187817913561 0.0064432503106631
90477.87 0.0484494374149539 0.0358763002137394 0.0055059002497172
90634.95 0.0542681349964629 0.0360363094769958 0.0065399914732633
90792.03 0.0629848012664617 0.0384450236729171 0.0080149249319545
90949.11 0.0790618361023767 0.0390593032519283 0.0096462442008314
91106.19 0.1089112718908220 0.0384769083720342 0.0118703484274207
91263.27 0.1325187357248258 0.0364219443904359 0.0149011215332365
91420.35 0.1185739335362494 0.0333963233772685 0.0189762470594698
91577.43 0.1135111590777732 0.0306496002824212 0.0244476261409559
91734.51 0.1077283134407741 0.0290387940938839 0.0316548490373325
91891.59 0.1096691401109755 0.0276801438692175 0.0406103623240936
92048.66 0.1196157810602868 0.0252532921959757 0.0478876973419340
92205.74 0.1137993796707511 0.0213780466383486 0.0472583099395580
92362.82 0.0994592745109915 0.0181888293017762 0.0419485447408425
92519.90 0.0786977176925509 0.0174905196219784 0.0369327541988170
92676.98 0.0627541745588879 0.0166776665482060 0.0339384383916222
92834.06 0.0552231653662818 0.0164980523502023 0.0328653365758247
92991.14 0.0601872728878164 0.0169953849041084 0.0337385417970701
93148.22 0.0671022238501805 0.0154119282711222 0.0350382924662127
93305.30 0.0692989406367176 0.0189147651913608 0.0338216999400842
93462.38 0.0704926986242268 0.0219175586649458 0.0355333686694869
93619.46 0.0738162898675871 0.0235187969560566 0.0326686600965633
93776.54 0.0781295853355530 0.0233918355357655 0.0309295747221796
93933.62 0.0848838200303626 0.0235247244408420 0.0310693172319673
94090.70 0.0981831444424927 0.0250701100813948 0.0323925534997527
94247.78 0.1224509683436545 0.0280804713442279 0.0318767459035952
94404.86 0.1194517256607793 0.0301224671057946 0.0282578507573371
94561.94 0.1133912035663697 0.0243649139164884 0.0197938476050421
94719.02 0.1342343796297340 0.0218348828459095 0.0190534904169457
94876.10 0.1648135709491344 0.0201433295686435 0.0198342692278356
95033.18 0.1536842563074128 0.0195918141991071 0.0216392510100573
95190.26 0.1367649831495016 0.0199220977467154 0.0248084680761760
95347.34 0.1249249778061918 0.0206345835640935 0.0255127358762756
95504.42 0.1258229282256132 0.0223497171587035 0.0311514312449507
95661.50 0.1352129147506629 0.0247229943165099 0.0321552705765049
95818.58 0.1109723551938780 0.0321094417708722 0.0314325674635138
95975.66 0.0897748710254803 0.0413289751025872 0.0338150081763622
96132.74 0.0816539646230113 0.0474526550141436 0.0376326674608377
96289.81 0.0777216101823487 0.0479727874802523 0.0466072491392961
96446.89 0.0685128616976780 0.0471348936505712 0.0670435827577110
96603.97 0.0627893163780190 0.0418825672657471 0.0800446609483889
96761.05 0.0578823346010704 0.0366967370518853 0.0676517275989060
96918.13 0.0538354271619159 0.0326729979198457 0.0555584906423529
97075.21 0.0438077806841417 0.0295360775289129 0.0477455547662739
97232.29 0.0387834588667016 0.0228670205175953 0.0507661023539638
97389.37 0.0385358325331157 0.0259283569497061 0.0573120566752968
97546.45 0.0375053349135022 0.0315035408141749 0.0700930076631675
97703.53 0.0353592263356164 0.0361470735278057 0.1042706849613234
97860.61 0.0280589486320046 0.0401154518469582 0.1251854064887628
98017.69 0.0279478184416917 0.0412748606172699 0.1243624379330821
98174.77 0.0257669530153086 0.0387447503914523 0.1236253601624697
98331.85 0.0210322674162802 0.0354221912981538 0.1197786081432879
98488.93 0.0245681879217016 0.0328995487735472 0.0901981165519053
98646.01 0.0295161232109280 0.0320786265553294 0.0618051284014387
98803.09 0.0358791663362861 0.0334103239296758 0.0468301429426565
98960.17 0.0410708978200565 0.0374342418239814 0.0347949096295961
99117.25 0.0443259106337886 0.0354056158567349 0.0247784786049026
99274.33 0.0460749244106630 0.0348443953616473 0.0211125801149549
99431.41 0.0470217094545716 0.0346990312649048 0.0187724377584429
99588.49 0.0458295763914053 0.0385882191389517 0.0169082264998902
99745.57 0.0423968654246115 0.0400829767734729 0.0153566784776460
99902.65 0.0400152070006209 0.0370880491035179 0.0112744625246674
100059.73 0.0389099722816578 0.0385668942850172 0.0116727234104693
100216.81 0.0377535266821040 0.0447635535630266 0.0144024777583709
100373.89 0.0439063305735780 0.0423945627969922 0.0177695634579919
100530.96 0.0486101154765385 0.0354679037247299 0.0222230188891542
100688.04 0.0570750091457859 0.0313038770833264 0.0282925053239039
100845.12 0.0614181340123862 0.0270658089827590 0.0363379214666699
101002.20 0.0601584081456136 0.0365483450582160 0.0458104078086430
101159.28 0.0595522066747154 0.0451643949250151 0.0530388874588752
101316.36 0.0614971700241565 0.0461629145325956 0.0534060515930296
101473.44 0.0667163393122211 0.0431332896165697 0.0575800192936453
101630.52 0.0742402179671647 0.0395051220098173 0.0646889065031979
101787.60 0.0801065411710251 0.0360346581127684 0.0743723956949094
101944.68 0.0785092915423857 0.0338217496227730 0.0821791207462777
102101.76 0.0800900449099401 0.0335523402366894 0.0912233949004693
102258.84 0.0745298252858844 0.0305743661505214 0.1128138197185595
102415.92 0.0691208993922955 0.0395759423828056 0.0939309983391447
102573.00 0.0666866719267270 0.0486912401075421 0.0945353429184904
102730.08 0.0669716741651837 0.0461526163885812 0.1021282402800311
102887.16 0.0701720759703843 0.0487664131675346 0.0992640666015974
103044.24 0.0749519291102011 0.0513922511648810 0.0613141447155594
103201.32 0.0881105781974945 0.0570746007003646 0.0465438685839237
103358.40 0.0963420046484797 0.0683168924100605 0.0404790645924050
103515.48 0.0963529158423935 0.0768047370856752 0.0440654888962247
103672.56 0.0952134226358808 0.0714595633658737 0.0395553276082386
103829.64 0.0945644835268137 0.0524493314653975 0.0335194440187212
103986.72 0.1076663082433093 0.0476686886570766 0.0279142518000651
104143.80 0.1170722471356971 0.0491982717124279 0.0234437045549218
104300.88 0.0925664055923761 0.0518161314234302 0.0196608269341787
104457.96 0.0658438764737147 0.0515473966855372 0.0148053613673674
104615.04 0.0549124962161685 0.0517809423811226 0.0101474595283976
104772.11 0.0433724510167116 0.0524171623355879 0.0122343071212825
104929.19 0.0411775228418472 0.0521906229078339 0.0152150898775698
105086.27 0.0467970509625743 0.0543419162179822 0.0186805440035924
105243.35 0.0504299230422826 0.0499190110481786 0.0222484638455172
105400.43 0.0534296430215906 0.0428501857965528 0.0253782365736653
105557.51 0.0557064742709161 0.0376972955343822 0.0277487887035878
105714.59 0.0597712888729357 0.0302754703552887 0.0301770307035836
105871.67 0.0665479077504597 0.0266077927976196 0.0331074675076938
106028.75 0.0766358920133366 0.0273781088112574 0.0359667666050255
106185.83 0.0829170396008519 0.0290548998200161 0.0338245825118485
106342.91 0.0857349360016105 0.0319542532663643 0.0278153393609506
106499.99 0.0816926419635854 0.0342675528005843 0.0254981921972685
106657.07 0.0734433013879151 0.0347409131633098 0.0260750760054261
106814.15 0.0647891700331465 0.0319418400764483 0.0280222817261670
106971.23 0.0576255578949263 0.0394122644393619 0.0308385848179828
107128.31 0.0522812868990719 0.0637510683428945 0.0348452136301406
107285.39 0.0475825932988283 0.0760113841248784 0.0390429628512483
107442.47 0.0478469756984396 0.0455211139971990 0.0490885170447086
107599.55 0.0494590175363306 0.0271123143692902 0.0805170097306238
107756.63 0.0512000314578139 0.0188117534498957 0.1001134432734778
107913.71 0.0587148407148616 0.0147533121596551 0.0903838579586341
108070.79 0.0669035635550252 0.0118500895450388 0.0609907795326094
108227.87 0.0714127104619167 0.0072161667131104 0.0422235088517188
108384.95 0.0767800551610890 0.0085553295880925 0.0354272517426465
108542.03 0.0803298929671289 0.0102684544929601 0.0264640216421359
108699.11 0.0784800192864402 0.0124443025465417 0.0266184291071317
108856.19 0.0725072508297367 0.0117014024720084 0.0277438994507042
109013.27 0.0651876645202509 0.0142263607109536 0.0311158957577942
109170.34 0.0566062384579244 0.0179426913554486 0.0358306985957465
109327.42 0.0552280754867847 0.0232200316443111 0.0366915507631092
109484.50 0.0547157567565229 0.0306567642210046 0.0312997106458635
109641.58 0.0459843586408231 0.0388026690020527 0.0251436157222409
109798.66 0.0429977083152106 0.0461191888246135 0.0119322105838731
109955.74 0.0457336988129699 0.0499805959748080 0.0122610585083853
110112.82 0.0491404996355175 0.0478687138991905 0.0164484244539585
110269.90 0.0483434591985102 0.0462320144633815 0.0198813447220510
110426.98 0.0486185447977088 0.0458225684104150 0.0223991923384026
110584.06 0.0500656557644029 0.0478727472802292 0.0241729610828769
110741.14 0.0494679587619166 0.0520872237969743 0.0249623970495689
110898.22 0.0409187126675536 0.0486829537959072 0.0250184983103542
111055.30 0.0365321473156184 0.0416172158543899 0.0257367331683344
111212.38 0.0301643010392297 0.0339393263742598 0.0268758346180145
111369.46 0.0313976725745908 0.0267095742052616 0.0302815757741147
111526.54 0.0350670797008408 0.0253939790799620 0.0388257364079599
111683.62 0.0402379923728628 0.0276125964576407 0.0611540031498293
111840.70 0.0467289996101913 0.0311876006709014 0.0869006718513507
111997.78 0.0510378772729542 0.0324326097163056 0.0781024943118779
112154.86 0.0559792447757908 0.0307374744504788 0.0591943188516334
112311.94 0.0599737020865241 0.0321559410301874 0.0584678011320435
112469.02 0.0667946719829531 0.0296284245905197 0.0720173724901224
112626.10 0.0754031269394426 0.0261558542648620 0.0909537108137839
112783.18 0.0765074709130307 0.0235758193197384 0.0767612985682675
112940.26 0.0700248955734074 0.0216387720253895 0.0524411459324042
113097.34 0.0648122949359343 0.0203836951705155 0.0409821360645514
113254.42 0.0614776649630327 0.0187194516120210 0.0354990930964962
113411.49 0.0597864555507525 0.0171230944971354 0.0353300545434952
113568.57 0.0656048899113966 0.0133171611832957 0.0407193931571503
113725.65 0.0742822172127595 0.0077101095774941 0.0484722871007490
113882.73 0.0749583823670316 0.0090012990668538 0.0377320023907410
114039.81 0.0712377808393434 0.0113453849552280 0.0253956181963378
114196.89 0.0694079931967417 0.0145798351858989 0.0075319519913249
114353.97 0.0675467277195640 0.0189269124067514 0.0106354196211591
114511.05 0.0715544848307547 0.0242604769629539 0.0131373231032168
114668.13 0.0721041538823294 0.0274120678006602 0.0159252406304779
114825.21 0.0751519176635361 0.0248551766096323 0.0188182936950549
114982.29 0.0815885473998476 0.0232269649109321 0.0215331532760043
115139.37 0.0744838958819744 0.0228161890604097 0.0237151488538311
115296.45 0.0685581570586992 0.0235323935874841 0.0249924748913654
115453.53 0.0652481853889905 0.0254581748502974 0.0251213273801552
115610.61 0.0577544708747638 0.0286034095724620 0.0237612903260082
115767.69 0.0662210278044590 0.0324581166053740 0.0221345395069729
115924.77 0.0708809834699533 0.0362156015165665 0.0211703367538469
116081.85 0.0732643046760223 0.0413832842445861 0.0209401662509387
116238.93 0.0740344481230247 0.0439314574727046 0.0215665074141411
116396.01 0.0757792980642470 0.0423267710787178 0.0232984057309010
116553.09 0.0773253643593753 0.0414299855121135 0.0266899149805751
116710.17 0.0738895326165689 0.0402417258665211 0.0273292158213160
116867.25 0.0768875489177320 0.0402800392527190 0.0230335486599999
117024.33 0.0779351358975180 0.0373300131935971 0.0193836234292667
117181.41 0.0855928162263428 0.0333369565651239 0.0168879669920614
117338.49 0.0838269457739312 0.0288988759593900 0.0151197323643716
117495.57 0.0778609577587194 0.0222165984176319 0.0138371496100917
117652.64 0.0649566857491427 0.0114484183375882 0.0115925182457448
117809.72 0.0620664409579218 0.0141834858382278 0.0143208721183789
117966.80 0.0654002892415613 0.0183806346775208 0.0164853529653893
118123.88 0.0701648423406769 0.0231427495878225 0.0171463026946751
118280.96 0.0666688700577819 0.0237737436263654 0.0158202298510496
118438.04 0.0542233001522405 0.0208711862203766 0.0134733685633440
118595.12 0.0458497286021978 0.0194934255161610 0.0115297172970643
118752.20 0.0393160970204102 0.0197932892365006 0.0099122872105372
118909.28 0.0346534623678870 0.0215684963514105 0.0082469686477432
119066.36 0.0312216187226967 0.0237463121425699 0.0022914395736532
119223.44 0.0238384063581391 0.0224606984836421 0.0027275655543729
119380.52 0.0184387146746334 0.0277625005987334 0.0033270088504531
119537.60 0.0192110311149305 0.0325765004807115 0.0041168937431927
119694.68 0.0240540976416804 0.0373160572580496 0.0051802400835541
119851.76 0.0295043062388861 0.0387385319311371 0.0066442176678635
120008.84 0.0335754746964452 0.0427625764013059 0.0087051609359547
120165.92 0.0365408264940108 0.0507571676123483 0.0116504373986538
120323.00 0.0378081506322966 0.0582236039156988 0.0158276837356646
120480.08 0.0402216072659030 0.0620796147113790 0.0205705383469083
120637.16 0.0449344623444423 0.0690108304059257 0.0226516381817356
120794.24 0.0519834155442306 0.0743280305347150 0.0204722142678031
120951.32 0.0562512367142342 0.0858887100410957 0.0167310493603072
121108.40 0.0693228257668408 0.1041253774564865 0.0143985793780054
121265.48 0.0752877737774075 0.1365369399214228 0.0128177019309756
121422.56 0.0745240420810441 0.1339170216225993 0.0117063966132969
121579.64 0.0705586225447933 0.0974888404367665 0.0109130821386214
121736.72 0.0686585489250324 0.0808924656703766 0.0082176997415405
121893.79 0.0685365487175412 0.0699394144526029 0.0100454783590798
122050.87 0.0702202523132340 0.0724454897305796 0.0124546053605905
122207.95 0.0695550571151531 0.0621516454047128 0.0155755794710838
122365.03 0.0726393270240230 0.0438205545251528 0.0193696795591226
122522.11 0.0686470976071648 0.0283012138239536 0.0231673435346115
122679.19 0.0670548983655457 0.0245654932099282 0.0246164090216651
122836.27 0.0668632927455993 0.0279672665810868 0.0219791448853333
122993.35 0.0600137780812477 0.0335072465960975 0.0194995723712385
123150.43 0.0606517391279267 0.0350972164728106 0.0174909182669452
123307.51 0.0630415317483169 0.0342103450464769 0.0158965169455582
123464.59 0.0617181850772681 0.0344604245267838 0.0146183744458573
123621.67 0.0562780191153417 0.0356540849785823 0.0108787619128729
123778.75 0.0538847891184774 0.0361096975360718 0.0119737854172661
123935.83 0.0501379034769798 0.0330596255002509 0.0163715024317895
124092.91 0.0559728734706901 0.0284582320907066 0.0218445274186483
124249.99 0.0655686785563022 0.0241259721550546 0.0223281305598326
124407.07 0.0683665712836498 0.0208509335156470 0.0190154220725762
124564.15 0.0604145157050125 0.0189699885804785 0.0155146750637589
124721.23 0.0547802663895107 0.0179832180780224 0.0126218884142453
124878.31 0.0495997877592905 0.0152398710291955 0.0104066398932900
125035.39 0.0368373080695184 0.0159938642590856 0.0087393915698511
125192.47 0.0415092444603629 0.0169323764993686 0.0074685451410875
125349.55 0.0481826168194530 0.0160173445917453 0.0026971378291651
125506.63 0.0561290921910568 0.0196337829286294 0.0020598160772753
125663.71 0.0573462162823939 0.0249132441124246 0.0023501001291664
125820.79 0.0552711497241086 0.0309838681350329 0.0027071584190282
125977.87 0.0494447440796482 0.0336164400915267 0.0031524843061766
126134.95 0.0349079927991742 0.0326610106430102 0.0039140557394512
126292.02 0.0369968660071751 0.0333660020145917 0.0048176355301287
126449.10 0.0411385767919468 0.0355243248801098 0.0060043363005522
126606.18 0.0431551403054335 0.0373413937541927 0.0076262188218437
126763.26 0.0423086022190259 0.0356406029352107 0.0098847028359782
126920.34 0.0383618918059273 0.0328548188543337 0.0130487746211231
127077.42 0.0343685113793233 0.0308355689407157 0.0173399098582618
127234.50 0.0385026125360297 0.0295851416359716 0.0223306907053859
127391.58 0.0455687347045651 0.0321301388232213 0.0249614084839445
127548.66 0.0585117622706595 0.0364904556519518 0.0251200214416138
127705.74 0.0787854449207431 0.0405812164416968 0.0261101225834735
127862.82 0.0807883203417246 0.0403657867762078 0.0283242169182335
128019.90 0.0583172124988494 0.0366593549141863 0.0310538111596332
128176.98 0.0429067919608837 0.0329478088331876 0.0372040101282857
128334.06 0.0328097445992880 0.0291167198225920 0.0404125237916373
128491.14 0.0338540578266458 0.0265297844106218 0.0361793997399879
128648.22 0.0301526326354474 0.0238581538650866 0.0292516662961680
128805.30 0.0300354919928391 0.0183780822087143 0.0244611584916670
128962.38 0.0278396937559972 0.0202521093685861 0.0229553254264213
129119.46 0.0265294137221455 0.0262530662838029 0.0220759406903582
129276.54 0.0268662690779684 0.0335262299387464 0.0180245623945526
129433.62 0.0287310390685630 0.0392511640954427 0.0146074921406990
129590.70 0.0322515264956257 0.0445451457955395 0.0123811738226577
129747.78 0.0374167537529764 0.0501248583051660 0.0107888276470655
129904.86 0.0405722067077067 0.0470617511641338 0.0095881999344594
130061.94 0.0481565721978803 0.0410714874939931 0.0059342391579769
130219.02 0.0579908516119159 0.0365425997588527 0.0066811857105548
130376.10 0.0651766589067029 0.0336091911582657 0.0081182227912648
130533.17 0.0655627024971064 0.0313084579282070 0.0100208683725413
130690.25 0.0682095234229218 0.0260012454588960 0.0125467794468562
130847.33 0.0744449697148311 0.0296636951458999 0.0158485008161252
131004.41 0.0857880248354084 0.0362442483285462 0.0198730941852289
131161.49 0.1105823165126004 0.0463820788895506 0.0237849204782277
131318.57 0.1366304382449083 0.0567019548894132 0.0253051042189432
131475.65 0.1431850302944129 0.0590039211293324 0.0274836409719273
131632.73 0.1481427065591494 0.0564654142431440 0.0324655663351422
131789.81 0.1474443093759799 0.0430861427007946 0.0398470548122659
131946.89 0.1339724576773239 0.0456020403973970 0.0407313863303763
132103.97 0.1265080614243339 0.0480162823496551 0.0374106821438654
132261.05 0.0987933728111099 0.0529834713277881 0.0290618382315150
132418.13 0.0879046210875894 0.0557372481561231 0.0229508493147848
132575.21 0.0943796493487555 0.0547878251764004 0.0244364351040323
132732.29 0.0780225931572856 0.0583786182192185 0.0251963298791954
132889.37 0.0573165583489012 0.0715582015690224 0.0227068744134664
133046.45 0.0380142149829123 0.0857196904381476 0.0198979431214627
133203.53 0.0361630034420820 0.0870705940208382 0.0178026048562842
133360.61 0.0350637060127935 0.0690013521767048 0.0158642025192547
133517.69 0.0353837480384027 0.0574142880212493 0.0131487167728079
133674.77 0.0343459019526296 0.0514650023569060 0.0108243200877198
133831.85 0.0376218717253964 0.0453343229044877 0.0089789562979146
133988.93 0.0399224407126112 0.0473849717869281 0.0075277546562395
134146.01 0.0435182776042286 0.0506844837059486 0.0063761431601584
134303.09 0.0448514103212120 0.0453552927065593 0.0051338644489526
134460.17 0.0478133302695564 0.0365648416002953 0.0053926287562741
134617.25 0.0494611358150501 0.0303220723990606 0.0056249696982166
134774.32 0.0516852066359523 0.0260913190569967 0.0058192549059539
134931.40 0.0563885028032126 0.0227219950289250 0.0057590653298475
135088.48 0.0555046790121664 0.0161865541045300 0.0056241860423383
135245.56 0.0479043280387820 0.0189389733349389 0.0002299230652381
135402.64 0.0442974143688378 0.0231330831256259 0.0000044098191812
135559.72 0.0401701883013321 0.0259813659569302 0.0000010460842420
135716.80 0.0465428972121931 0.0237739290965090 0.0000003036543145
135873.88 0.0529180224872461 0.0211064535487544 0.0000000883364485
136030.96 0.0551514064427430 0.0188365492531889 0.0000000257275337
136188.04 0.0535275524333481 0.0171131307154422 0.0000000075267906
136345.12 0.0522138238160188 0.0160179720269957 0.0000000022254788
136502.20 0.0545475822897890 0.0154764376616161 0.0000000006848880
136659.28 0.0601043671089611 0.0154369796147664 0.0000000002188887
136816.36 0.0702570504032978 0.0112797489628165 0.0000000001060092
136973.44 0.0878483757333114 0.0128416881803746 0.0000000000744160
137130.52 0.1181598277709006 0.0152056762222424 0.0000000000600986
137287.60 0.1236692489474998 0.0183555042462861 0.0000000000542596
137444.68 0.1207090086360331 0.0223825474099755 0.0000000000521770
137601.76 0.1420919506415738 0.0268513048295728 0.0000000000504027
137758.84 0.1167822594711256 0.0295264721601258 0.0000000000471235
137915.92 0.0922983185467963 0.0314269226468380 0.0000000000434890
138073.00 0.0824106874008645 0.0330075066300042 0.0000000000432553
138230.08 0.0766401079295529 0.0358386337412571 0.0000000000432119
138387.16 0.0715311541263507 0.0415082710916595 0.0000000000432025
138544.24 0.0721826647918855 0.0505056343507653 0.0000000000423670
138701.32 0.0778076472288308 0.0673937751369031 0.0000000000429973
138858.40 0.0820668450003819 0.1005223595595778 0.0000000000437599
139015.47 0.0923223963663315 0.0946499453996255 0.0000000000440698
139172.55 0.1100314552884104 0.0908237559240610 0.0000000000451966
139329.63 0.1255242524501912 0.0828001771761222 0.0000000000455131
139486.71 0.1317469544887993 0.0795421021565337 0.0000000000458611
139643.79 0.1084761391030703 0.0766317236426237 0.0000000000464546
139800.87 0.0863722486822781 0.0864742993093122 0.0000000000452867
139957.95 0.0767235840158601 0.1153488949131649 0.0000000000425114
140115.03 0.0684765506860697 0.0955641366681800 0.0000000000424981
140272.11 0.0620379481686377 0.0758886884429126 0.0000000000413920
140429.19 0.0562203810514105 0.0733715699718195 0.0000000000409374
140586.27 0.0484377245777348 0.0858894369522957 0.0000000000402383
140743.35 0.0453988799959182 0.1138271711648142 0.0000000000405125
140900.43 0.0399958023350169 0.1156234615942494 0.0000000000407246
141057.51 0.0400459311739749 0.1024853165712493 0.0000000000410447
141214.59 0.0410158318768971 0.0725549660756988 0.0000000000407142
141371.67 0.0427810289092740 0.0612827436266965 0.0000000000413157
141528.75 0.0457698815760842 0.0500725966059746 0.0000000000401469
141685.83 0.0495741962394294 0.0420651266190751 0.0000000000408108
141842.91 0.0581885916201232 0.0370671062821707 0.0000000000412814
141999.99 0.0631843385443884 0.0340142656025221 0.0000000000411642
142157.07 0.0621816503211243 0.0269869268618502 0.0000000000420808
142314.15 0.0610477364921065 0.0251968665919399 0.0000000000423820
142471.23 0.0629892664896317 0.0231076666814131 0.0000000000427942
142628.31 0.0625890638298109 0.0241781554474270 0.0000000000435612
142785.39 0.0565568480582715 0.0247893752969206 0.0000000000441518
142942.47 0.0481949824433858 0.0249116784694282 0.0000000000446927
143099.55 0.0345757985207313 0.0190105412456092 0.0000000000456680
143256.63 0.0300768198196767 0.0172670408551595 0.0000000000463989
143413.70 0.0301265111674245 0.0165125951082064 0.0000000000478387
143570.78 0.0335391839564800 0.0161976203069154 0.0000000000479305
143727.86 0.0372911002989276 0.0106713879914203 0.0000000000488867
143884.94 0.0382859744687528 0.0116985416646058 0.0000000000488436
144042.02 0.0393288762611909 0.0131152189376157 0.0000000000489739
144199.10 0.0394961442083825 0.0148402967591448 0.0000000000490351
144356.18 0.0422471555646504 0.0173110689015623 0.0000000000491180
144513.26 0.0479950964432849 0.0206986977007185 0.0000000000487914
144670.34 0.0553827356201645 0.0250026104110790 0.0000000000490324
144827.42 0.0589675420013026 0.0280449645504453 0.0000000000494842
144984.50 0.0562753181785409 0.0285410998061057 0.0000000000503117
145141.58 0.0509223052119583 0.0296218439853622 0.0000000000503438
145298.66 0.0513512628464003 0.0303240473406471 0.0000000000502058
145455.74 0.0507973368958375 0.0330731696693904 0.0000000000507468
145612.82 0.0497696652284387 0.0383108914462719 0.0000000000510005
145769.90 0.0482591526465605 0.0467777801080872 0.0000000000517999
145926.98 0.0448651757231426 0.0668197977780892 0.0000000000524821
146084.06 0.0487898679444169 0.0941916706969679 0.0000000000526815
146241.14 0.0566219350653908 0.1078613755613597 0.0000000000531902
146398.22 0.0642854408765780 0.1090398551482244 0.0000000000542773
146555.30 0.0890994192212929 0.1085152184867536 0.0000000000544616
146712.38 0.1117821266282954 0.0881649680035881 0.0000000000548318
146869.46 0.1013555332782413 0.0624194755142302 0.0000000000562109
147026.54 0.0772851088766792 0.0471601679228736 0.0000000000562627
147183.62 0.0646966323100118 0.0507813552400641 0.0000000000568729
147340.70 0.0583972663777151 0.0557730581017079 0.0000000000573237
147497.78 0.0575766143840672 0.0606419409349574 0.0000000000572207
147654.85 0.0586045231190493 0.0661749135898212 0.0000000000572009
147811.93 0.0619918338340913 0.0848192227940065 0.0000000000564430
147969.01 0.0724488293552293 0.0971774417953134 0.0000000000573782
148126.09 0.0715990515963065 0.0822753652495331 0.0000000000576444
148283.17 0.0745673132460714 0.0687044038023788 0.0000000000577766
148440.25 0.0883909623252226 0.0647462732634398 0.0000000000580848
148597.33 0.0988661968913964 0.0654950840480283 0.0000000000586520
148754.41 0.1150064324311555 0.0690009455051710 0.0000000000584813
148911.49 0.1117220143785705 0.0654709400886087 0.0000000000586525
149068.57 0.0961547630979560 0.0567649307612707 0.0000000000581688
149225.65 0.0870733803992718 0.0510353727106926 0.0000000000575735
149382.73 0.0782322570207134 0.0460127938168485 0.0000000000575660
149539.81 0.0713313218693787 0.0439329080095834 0.0000000000586551
149696.89 0.0701454519393393 0.0510840267990800 0.0000000000564573
149853.97 0.0781810849832333 0.0581261374545758 0.0000000000568015
150011.05 0.0946666265359402 0.0563842561363483 0.0000000000563406
150168.13 0.1061071847513899 0.0508253838263020 0.0000000000551033
150325.21 0.0845041594415351 0.0465134961683191 0.0000000000536668
150482.29 0.0748492953848491 0.0444922428155742 0.0000000000537526
150639.37 0.0652718744782633 0.0429814477411264 0.0000000000540650
150796.45 0.0513930629566401 0.0377773838115053 0.0000000000531206
150953.53 0.0352164094167643 0.0351481729118239 0.0000000000524263
151110.61 0.0285295056428254 0.0266794891197095 0.0000000000528211
151267.69 0.0226317469405562 0.0258142742535775 0.0000000000525212
151424.77 0.0127296065178707 0.0245141237544020 0.0000000000524741
151581.85 0.0099436749901684 0.0218424327619786 0.0000000000521201
151738.93 0.0133333512862763 0.0240230668456635 0.0000000000520561
151896.00 0.0183496439145584 0.0284525993757269 0.0000000000511431
152053.08 0.0251433081739915 0.0317321771451268 0.0000000000512476
152210.16 0.0317228814712335 0.0332911828693445 0.0000000000515550
152367.24 0.0345759885913659 0.0336905040534286 0.0000000000512185
152524.32 0.0338604448996468 0.0312906797640505 0.0000000000513135
152681.40 0.0344865410496687 0.0334599571977434 0.0000000000512373
152838.48 0.0382189876183849 0.0347216439874262 0.0000000000512017
152995.56 0.0432024358731617 0.0353640977690237 0.0000000000517252
153152.64 0.0436460657757571 0.0320686335226459 0.0000000000521554
153309.72 0.0375762889334042 0.0316154283584885 0.0000000000525123
153466.80 0.0318022660428682 0.0287829200613570 0.0000000000514867
153623.88 0.0272196570983350 0.0274278572735796 0.0000000000516109
153780.96 0.0235222591541452 0.0272940052286469 0.0000000000516104
153938.04 0.0200353446954490 0.0282872720975444 0.0000000000515294
154095.12 0.0141114016947732 0.0305444969252376 0.0000000000515318
154252.20 0.0095519461314332 0.0338227824570165 0.0000000000522178
154409.28 0.0122407963812853 0.0363886630866081 0.0000000000527194
154566.36 0.0159559440810396 0.0362345505466021 0.0000000000527688
154723.44 0.0205204480962714 0.0378395116041223 0.0000000000526123
154880.52 0.0244384670836804 0.0392161947125691 0.0000000000528461
155037.60 0.0252575797143892 0.0416517340650874 0.0000000000528342
155194.68 0.0247508053906237 0.0422755982762264 0.0000000000525011
155351.76 0.0227845006133747 0.0376840448002663 0.0000000000519850
155508.84 0.0212806595590236 0.0396284827070901 0.0000000000520583
155665.92 0.0204710902768979 0.0409194694654239 0.0000000000525011
155823.00 0.0203802993657571 0.0427666375484526 0.0000000000526510
155980.08 0.0210978311013816 0.0456647294606410 0.0000000000525855
156137.15 0.0228822523207160 0.0495683632130369 0.0000000000528388
156294.23 0.0262496775170371 0.0519911415863218 0.0000000000538731
156451.31 0.0296512091643792 0.0561150015937781 0.0000000000536059
156608.39 0.0271872449813659 0.0648568426275304 0.0000000000535683
156765.47 0.0258287635871142 0.0697337134238378 0.0000000000536735
156922.55 0.0244083850146035 0.0644181358915773 0.0000000000533459
157079.63 0.0205277679834614 0.0582298885500932 0.0000000000546394
