# Theta_p / Theta_c, M_{dc} omega = 0.9, M_{dc} omega = 1, M_{dc} omega = 1.4
0.00 0.0787250732418651 0.0531913258042662 0.0292107270205373
0.10 0.0786928244539789 0.0528345821213744 0.0333053001129255
0.20 0.0785008111650143 0.0526231152106261 0.0331272175631130
0.30 0.0782131302265350 0.0498201408895737 0.0327937952065275
0.40 0.0775549255952207 0.0477289519390187 0.0311586974039260
0.50 0.0738289307214988 0.0450168947341855 0.0312028554703420
0.60 0.0692409917005459 0.0458048053922488 0.0297947907674369
0.70 0.0665012591559440 0.0422997994027137 0.0266317964452923
0.80 0.0587517769551552 0.0419565190384474 0.0220499836426175
0.90 0.0530405484728304 0.0423377936984180 0.0250756268396291
1.00 0.0472605919289967 0.0369091542801372 0.0269606682575123
