# F_{g, c}, PDF mu = 0, PDF mu = 0.01, PDF mu = 0.03, PDF mu = 0.1, PDF mu = 0.3, PDF mu = 1, PDF mu = 3, PDF mu = 10
-1.00 0.0589988821264452 0.0427153841098780 0.0321233536781247 0.0103452735031685 0.0785160467170495 0.0591647903758620 0.0636084144845460 0.0620857939040427
-0.99 0.0496832691591117 0.0624301767759756 0.0613264024764198 0.0103452735031685 0.0368043968986169 0.0542343911778735 0.0757243029577929 0.0765243506259131
-0.98 0.0558936778040007 0.0230005914437805 0.0467248780772723 0.0336221388852975 0.0417116498184325 0.0443735927818965 0.0969271077859749 0.0967383300365316
-0.97 0.0527884734815562 0.0328579877768293 0.0262827439184656 0.0387947756368817 0.1055059377760352 0.0542343911778735 0.0726953308394812 0.0967383300365316
-0.96 0.0621040864488897 0.0361437865545122 0.0262827439184656 0.0258631837579212 0.0466189027382481 0.0871037191644635 0.1044995380817542 0.0866313403312223
-0.95 0.0652092907713341 0.0262863902214634 0.0292030487982952 0.0646579593948029 0.0245362645990780 0.0427301263825670 0.0726953308394812 0.0765243506259131
-0.94 0.0652092907713341 0.0328579877768293 0.0321233536781247 0.0543126858916344 0.0687015408774183 0.0558778575772030 0.0681518726620136 0.0750804949537260
-0.93 0.0186312259346669 0.0230005914437805 0.0584060975965903 0.0413810940126738 0.0417116498184325 0.0608082567751915 0.0817822471944163 0.0924067630199705
-0.92 0.0558936778040007 0.0394295853321951 0.0204421341588066 0.0387947756368817 0.0613406614976949 0.1002514503590995 0.0772387890169488 0.0837436289868483
-0.91 0.0465780648366672 0.0230005914437805 0.0496451829571018 0.0517263675158423 0.0539797821179715 0.0525909247785440 0.0893546774901956 0.0851874846590353
-0.90 0.0248416345795559 0.0460011828875609 0.0759279268755674 0.0103452735031685 0.0490725291981559 0.0509474583792145 0.0772387890169488 0.1025137527252798
-0.89 0.0869457210284455 0.0854307682197561 0.0379639634377837 0.0206905470063369 0.0736087937972339 0.0591647903758620 0.0620939284253902 0.0808559176424742
-0.88 0.0310520432244448 0.0492869816652439 0.0379639634377837 0.0594853226432187 0.0318971439788013 0.0788863871678160 0.0620939284253902 0.1054014640696538
-0.87 0.0186312259346669 0.0492869816652439 0.0817685366352265 0.0413810940126738 0.1055059377760352 0.0525909247785440 0.0954126217268190 0.0736366392815390
-0.86 0.0434728605142228 0.0295721889991463 0.0438045731974427 0.0853485064011398 0.0564334085778793 0.0591647903758620 0.0923836496085073 0.0736366392815390
-0.85 0.0279468389020003 0.0821449694420731 0.0496451829571018 0.0413810940126738 0.0662479144175105 0.0690255887718390 0.1120719683775335 0.0794120619702871
-0.84 0.0341572475468893 0.0558585792206097 0.0876091463948855 0.0568990042674265 0.0392580233585247 0.0591647903758620 0.0969271077859749 0.0938506186921575
-0.83 0.0652092907713341 0.0328579877768293 0.0992903659142036 0.0258631837579212 0.0564334085778793 0.0624517231745210 0.0787532750761046 0.1010698970530927
-0.82 0.0403676561917783 0.0230005914437805 0.0321233536781247 0.0491400491400502 0.0662479144175105 0.0657386559731800 0.0893546774901956 0.0822997733146612
-0.81 0.1148925599304459 0.0197147926660976 0.0788482317553969 0.0801758696495556 0.0662479144175105 0.0673821223725095 0.0681518726620136 0.0895190516755964
-0.80 0.0527884734815562 0.0525727804429268 0.0467248780772723 0.0517263675158423 0.0564334085778793 0.0624517231745210 0.0954126217268190 0.0924067630199705
-0.79 0.0372624518693338 0.0131431951107317 0.0262827439184656 0.0387947756368817 0.0564334085778793 0.0640951895738505 0.0984415938451308 0.0952944743643446
-0.78 0.0279468389020003 0.0262863902214634 0.1197325000730102 0.0413810940126738 0.1005986848562196 0.0755994543691570 0.0832967332535722 0.0750804949537260
-0.77 0.0714196994162231 0.0164289938884146 0.0321233536781247 0.0517263675158423 0.0417116498184325 0.0788863871678160 0.0742098168986370 0.0707489279371649
-0.76 0.0993665383182235 0.0460011828875609 0.0233624390386361 0.0724169145221792 0.0417116498184325 0.0755994543691570 0.0923836496085073 0.0606419382318556
-0.75 0.0993665383182235 0.0394295853321951 0.0467248780772723 0.0362084572610896 0.0588870350377871 0.0969645175604405 0.0772387890169488 0.0981821857087186
-0.74 0.0403676561917783 0.0690017743313414 0.0438045731974427 0.0362084572610896 0.0417116498184325 0.0575213239765325 0.0969271077859749 0.0851874846590353
-0.73 0.0589988821264452 0.0262863902214634 0.0350436585579542 0.0206905470063369 0.0441652762783403 0.0624517231745210 0.1559920640930534 0.1025137527252798
-0.72 0.0310520432244448 0.0262863902214634 0.0496451829571018 0.0155179102547527 0.0490725291981559 0.0723125215704980 0.1060140241409100 0.0981821857087186
-0.71 0.1024717426406679 0.0394295853321951 0.0175218292789771 0.0568990042674265 0.0736087937972339 0.0788863871678160 0.0999560799042866 0.1039576083974668
-0.70 0.0496832691591117 0.0558585792206097 0.0671670122360789 0.0905211431527240 0.0760624202571417 0.1068253159564175 0.0969271077859749 0.1097330310862150
-0.69 0.0558936778040007 0.0295721889991463 0.0146015243991476 0.0646579593948029 0.0539797821179715 0.0805298535671455 0.1075285102000659 0.0895190516755964
-0.68 0.0714196994162231 0.0230005914437805 0.0321233536781247 0.0362084572610896 0.0834232996368651 0.0821733199664750 0.0893546774901956 0.0909629073477835
-0.67 0.1086821512855569 0.0558585792206097 0.0905294512747150 0.0413810940126738 0.0834232996368651 0.0920341183624520 0.0999560799042866 0.0664173609206038
-0.66 0.0776301080611121 0.0295721889991463 0.0379639634377837 0.0620716410190108 0.1030523113161274 0.0755994543691570 0.1060140241409100 0.0707489279371649
-0.65 0.0931561296733345 0.0394295853321951 0.0671670122360789 0.0543126858916344 0.0318971439788013 0.1249034463490421 0.0908691635493515 0.0952944743643446
-0.64 0.0403676561917783 0.0394295853321951 0.0321233536781247 0.0310358205095054 0.0637942879576027 0.1018949167584290 0.0969271077859749 0.1010698970530927
-0.63 0.0621040864488897 0.0230005914437805 0.0554857927167608 0.0465537307642581 0.0564334085778793 0.0871037191644635 0.0984415938451308 0.1155084537749631
-0.62 0.0496832691591117 0.0295721889991463 0.0876091463948855 0.0620716410190108 0.0368043968986169 0.0920341183624520 0.1135864544366893 0.0952944743643446
-0.61 0.0683144950937786 0.0722875731090243 0.0613264024764198 0.0543126858916344 0.0343507704387091 0.0871037191644635 0.1075285102000659 0.1270592991524594
-0.60 0.0279468389020003 0.0755733718867073 0.0408842683176132 0.0439674123884660 0.0515261556580637 0.1791378375269156 0.1151009404958452 0.0895190516755964
-0.59 0.0714196994162231 0.0328579877768293 0.0438045731974427 0.0594853226432187 0.0441652762783403 0.1265469127483715 0.0969271077859749 0.1025137527252798
-0.58 0.0683144950937786 0.0722875731090243 0.0350436585579542 0.0517263675158423 0.0834232996368651 0.1249034463490421 0.1060140241409100 0.0851874846590353
-0.57 0.0341572475468893 0.0690017743313414 0.0613264024764198 0.0827621880253477 0.0637942879576027 0.1364077111443485 0.1151009404958452 0.0981821857087186
-0.56 0.0434728605142228 0.0098573963330488 0.0700873171159084 0.0387947756368817 0.0588870350377871 0.1084687823557471 0.1393327174423389 0.1169523094471502
-0.55 0.0403676561917783 0.0427153841098780 0.0233624390386361 0.0387947756368817 0.0711551673373261 0.0986079839597701 0.1075285102000659 0.1054014640696538
-0.54 0.1086821512855569 0.0394295853321951 0.0321233536781247 0.0232768653821290 0.0736087937972339 0.1002514503590995 0.0666373866028577 0.0938506186921575
-0.53 0.0434728605142228 0.0492869816652439 0.0408842683176132 0.0568990042674265 0.0834232996368651 0.1232599799497126 0.0696663587211695 0.0909629073477835
-0.52 0.0248416345795559 0.0262863902214634 0.0379639634377837 0.0232768653821290 0.0613406614976949 0.0903906519631225 0.1014705659634425 0.1010698970530927
-0.51 0.0496832691591117 0.0164289938884146 0.0321233536781247 0.0568990042674265 0.0539797821179715 0.1479119759396550 0.1105574823183776 0.1183961651193372
-0.50 0.0838405167060011 0.0525727804429268 0.0233624390386361 0.0724169145221792 0.0368043968986169 0.1511989087383141 0.0984415938451308 0.0635296495762297
-0.49 0.0310520432244448 0.0690017743313414 0.0233624390386361 0.0750032328979713 0.0490725291981559 0.1199730471510536 0.1241878568507803 0.1270592991524594
-0.48 0.0496832691591117 0.0131431951107317 0.0262827439184656 0.0336221388852975 0.0539797821179715 0.1249034463490421 0.1287313150282479 0.1068453197418409
-0.47 0.0279468389020003 0.0460011828875609 0.0496451829571018 0.0827621880253477 0.0490725291981559 0.1331207783456896 0.1029850520225983 0.1241715878080854
-0.46 0.0341572475468893 0.0427153841098780 0.0613264024764198 0.0387947756368817 0.0834232996368651 0.1347642447450191 0.1302458010874038 0.1588241239405743
-0.45 0.0838405167060011 0.0394295853321951 0.0262827439184656 0.1137980085348531 0.0392580233585247 0.1807813039262451 0.1665934665071443 0.1414978558743298
-0.44 0.0465780648366672 0.0755733718867073 0.0700873171159084 0.0982800982801004 0.0613406614976949 0.1018949167584290 0.0938981356676632 0.1198400207915242
-0.43 0.0372624518693338 0.0460011828875609 0.0730076219957379 0.0672442777705950 0.0343507704387091 0.1314773119463601 0.1363037453240272 0.0837436289868483
-0.42 0.0496832691591117 0.0131431951107317 0.0408842683176132 0.0698305961463871 0.0687015408774183 0.1413381103423371 0.1196443986733128 0.1111768867584020
-0.41 0.0310520432244448 0.0295721889991463 0.0846888415150560 0.0853485064011398 0.0662479144175105 0.0887471855637930 0.1302458010874038 0.1241715878080854
-0.40 0.0496832691591117 0.0262863902214634 0.0438045731974427 0.0362084572610896 0.0637942879576027 0.1298338455470306 0.1257023429099362 0.1155084537749631
-0.39 0.0341572475468893 0.0328579877768293 0.0642467073562494 0.0853485064011398 0.0490725291981559 0.1364077111443485 0.1469051477381182 0.1068453197418409
-0.38 0.0341572475468893 0.0525727804429268 0.0408842683176132 0.0491400491400502 0.0711551673373261 0.1791378375269156 0.1166154265550010 0.0981821857087186
-0.37 0.0714196994162231 0.0624301767759756 0.0992903659142036 0.0336221388852975 0.0515261556580637 0.1232599799497126 0.1226733707916245 0.1443855672187039
-0.36 0.0403676561917783 0.0591443779982926 0.0934497561545445 0.0594853226432187 0.0662479144175105 0.1692770391309386 0.1347892592648713 0.1212838764637113
-0.35 0.0403676561917783 0.0460011828875609 0.0963700610343741 0.0439674123884660 0.0981450583963118 0.1051818495570881 0.1135864544366893 0.1573802682683872
-0.34 0.0745249037386676 0.0230005914437805 0.0438045731974427 0.0672442777705950 0.0392580233585247 0.1380511775436780 0.1544775780338975 0.1342785775133946
-0.33 0.0434728605142228 0.0952881645528048 0.0700873171159084 0.0465537307642581 0.0760624202571417 0.1364077111443485 0.1287313150282479 0.0981821857087186
-0.32 0.0341572475468893 0.0492869816652439 0.0730076219957379 0.0465537307642581 0.0858769260967729 0.1133991815537356 0.1044995380817542 0.1472732785630780
-0.31 0.0527884734815562 0.0460011828875609 0.0759279268755674 0.0750032328979713 0.1202276965354820 0.1298338455470306 0.1484196337972741 0.1270592991524594
-0.30 0.0714196994162231 0.0427153841098780 0.0408842683176132 0.0620716410190108 0.0662479144175105 0.1413381103423371 0.1166154265550010 0.1054014640696538
-0.29 0.0683144950937786 0.0460011828875609 0.0700873171159084 0.0465537307642581 0.0932378054764962 0.1133991815537356 0.1151009404958452 0.0880751960034094
-0.28 0.0465780648366672 0.0427153841098780 0.0554857927167608 0.1086253717832688 0.0613406614976949 0.1659901063322796 0.1378182313831831 0.1241715878080854
-0.27 0.0993665383182235 0.0920023657751219 0.0642467073562494 0.0724169145221792 0.0588870350377871 0.1577727743356321 0.1650789804479885 0.1068453197418409
-0.26 0.0465780648366672 0.0624301767759756 0.0379639634377837 0.0620716410190108 0.0858769260967729 0.1873551695235631 0.1514486059155858 0.1054014640696538
-0.25 0.0931561296733345 0.0361437865545122 0.0350436585579542 0.0905211431527240 0.0711551673373261 0.1692770391309386 0.1181299126141569 0.1342785775133946
-0.24 0.0838405167060011 0.1084313596635365 0.0642467073562494 0.0905211431527240 0.1005986848562196 0.1643466399329501 0.1817383270987029 0.1068453197418409
-0.23 0.1117873556080014 0.0920023657751219 0.0642467073562494 0.1034527350316846 0.1079595642359430 0.1561293079363026 0.1514486059155858 0.1155084537749631
-0.22 0.0962613339957790 0.0952881645528048 0.0525654878369313 0.0439674123884660 0.0711551673373261 0.1922855687215516 0.1241878568507803 0.1443855672187039
-0.21 0.0714196994162231 0.0657159755536585 0.0905294512747150 0.0905211431527240 0.1300422023751132 0.1594162407349616 0.1847672992170147 0.1501609899074521
-0.20 0.0652092907713341 0.0821449694420731 0.0671670122360789 0.0698305961463871 0.1202276965354820 0.1446250431409961 0.1287313150282479 0.1718188249902576
-0.19 0.0931561296733345 0.0690017743313414 0.0525654878369313 0.1319022371653979 0.1472175875944678 0.1528423751376436 0.1529630919747416 0.1241715878080854
-0.18 0.0621040864488897 0.0821449694420731 0.0700873171159084 0.0956937799043083 0.1447639611345599 0.1561293079363026 0.1287313150282479 0.1183961651193372
-0.17 0.0931561296733345 0.1248603535519511 0.0467248780772723 0.1189706452864373 0.1545784669741911 0.1281903791477011 0.1347892592648713 0.1588241239405743
-0.16 0.1335237858651128 0.0788591706643902 0.1197325000730102 0.1267296004138136 0.1177740700755742 0.1939290351208811 0.1544775780338975 0.1429417115465169
-0.15 0.0652092907713341 0.1642899388841462 0.0876091463948855 0.1525927841717348 0.1177740700755742 0.2136506319128351 0.1862817852761705 0.1674872579736965
-0.14 0.0931561296733345 0.1610041401064633 0.1109715854335216 0.1060390534074767 0.1521248405142833 0.2481634262987546 0.1832528131578588 0.1674872579736965
-0.13 0.1273133772202238 0.1150029572189024 0.1664573781502824 0.1655243760506954 0.1693002257336379 0.2333722287047891 0.1999121598085732 0.2050275054505595
-0.12 0.3229412495342263 0.1018597621081707 0.1752182927897710 0.1965601965602007 0.2380017666110562 0.1972159679195401 0.2074845901043525 0.2035836497783725
-0.11 0.1769966463793355 0.1380035486626828 0.2277837806267023 0.1758696495538638 0.2698989105898575 0.2481634262987546 0.2483757137015607 0.1877012373843150
-0.10 0.2018382809588914 0.1905763291056096 0.2949507928627811 0.2379412905728746 0.3042496810285667 0.2662415566913791 0.2392887973466255 0.2541185983049188
-0.09 0.2111538939262248 0.2135769205493901 0.2277837806267023 0.3155308418466380 0.2649916576700420 0.3845711374431032 0.3225855306001977 0.3277552375864579
-0.08 0.3633089057260045 0.3811526582112193 0.2482259147855089 0.3103582050950539 0.3680439689861694 0.4273012638256702 0.2862378651804571 0.3248675262420838
-0.07 0.5123587132033397 0.4862982190970728 0.4789300002920407 0.3698435277382725 0.4931789184414670 0.4798921886042142 0.4664617062200042 0.3710709077520690
-0.06 0.6738293379704527 0.6998751396464630 0.6074234150045394 0.7293417819733764 0.6919226616939984 0.6442388285371643 0.5861061048933169 0.5414458770701396
-0.05 1.2110296857533482 0.8608792797529263 0.8906929883480026 1.0345273503168460 0.9372853076847780 1.0156622347856314 0.8041920974117606 0.7522488052094474
-0.04 1.7389144205689104 1.5968982059539014 1.6061676839062340 1.3448855554118999 1.6979095102561947 1.3180600522622594 1.1404080025443608 1.0251375272527976
-0.03 2.6611601043349222 2.3230597358218281 2.2865987209065115 2.0768136557610686 2.2597899695750803 1.8932732920275850 1.7780066334489770 1.6965304148197708
-0.02 4.1050801142716065 4.1072484721036560 4.3629354904652971 3.9027544290703022 3.9601531062911826 3.3904711818167601 2.7412197670721028 2.9093691794568839
-0.01 7.6543286548256511 8.6186501938623117 8.3841953099905417 8.3201862149232344 8.2539994111298256 7.0225319243349560 6.0200820851445354 5.8432839053409467
0.00 12.7996522171161597 13.0446211474012106 13.1734953129109478 13.5186861502653848 13.3379134360587805 10.5559846828933832 9.1187205621774190 8.9648998686093258
0.01 9.4988200223576733 9.2068081750675557 9.0149811640337170 8.7624466571836859 8.5189910687998669 6.8959850115865855 6.0791470414516127 5.5848337400194668
0.02 5.4310023599554009 5.0108431359664607 5.1192944543411416 4.8002069054701657 4.3968986161547701 3.6682170033034454 2.9668781898863252 3.0219899218874726
0.03 3.0741522792200380 2.8553591378064613 2.9845515871857660 3.3751454804087100 2.6793600942193132 1.9688727463967417 1.7583183146799508 1.8567983944325319
0.04 1.8662277977891344 2.0503384372741449 1.9449230499664580 1.6242079399974483 1.6267543429188687 1.1487830131313210 1.1358645443668933 1.1854055068655589
0.05 1.0122966091169014 1.0613130051915847 1.3228981105627711 1.2569507306349679 0.7483560702718778 0.8217331996647503 0.8208514440624749 0.8013398980638067
0.06 0.7576698546764539 0.5322994019846338 0.6337061589230051 0.5612310875468890 0.5275296888801762 0.6064391013525857 0.5209832043496151 0.5558844337920100
0.07 0.3881505403055603 0.3680094631004875 0.3329147563005649 0.3698435277382725 0.3582294631465382 0.4552401926142717 0.5118962879946799 0.4172742892620542
0.08 0.1894174636691135 0.1905763291056096 0.2599071343048269 0.2146644251907456 0.2085582490921627 0.3139020822719347 0.3316724469551328 0.3580762067023857
0.09 0.1117873556080014 0.1380035486626828 0.1401746342318168 0.1396611922927742 0.1962901167926237 0.3401975446612067 0.2983537536537040 0.3147605365367745
0.10 0.0683144950937786 0.0952881645528048 0.1197325000730102 0.0982800982801004 0.1104131906958508 0.2613111574933906 0.2377743112874697 0.2483431756161707
0.11 0.0900509253508900 0.1544325425510975 0.1372543293519873 0.0827621880253477 0.1251349494552976 0.2350156951041186 0.2271729088733787 0.2151344951558688
0.12 0.1273133772202238 0.0492869816652439 0.0934497561545445 0.1836286046812402 0.1153204436156664 0.1988594343188696 0.2438322555240931 0.2252414848611781
0.13 0.0962613339957790 0.0624301767759756 0.0759279268755674 0.1344885555411900 0.1005986848562196 0.2185810311108236 0.1893107573944822 0.2021397941061855
0.14 0.0776301080611121 0.0591443779982926 0.0584060975965903 0.1060390534074767 0.1030523113161274 0.1939290351208811 0.1968831876902615 0.1920328044008762
0.15 0.0652092907713341 0.1018597621081707 0.0817685366352265 0.0698305961463871 0.0785160467170495 0.1544858415369731 0.2014266458677291 0.2035836497783725
0.16 0.0465780648366672 0.0657159755536585 0.0438045731974427 0.0853485064011398 0.0760624202571417 0.1824247703255746 0.1726514107437678 0.2006959384339984
0.17 0.0341572475468893 0.0492869816652439 0.0262827439184656 0.0646579593948029 0.0956914319364040 0.2728154222886971 0.1438761756198065 0.1891450930565021
0.18 0.0714196994162231 0.0525727804429268 0.0438045731974427 0.0801758696495556 0.0858769260967729 0.1380511775436780 0.1635644943888326 0.1992520827618114
0.19 0.0341572475468893 0.0821449694420731 0.0992903659142036 0.0827621880253477 0.0956914319364040 0.1807813039262451 0.1681079525663002 0.1790381033511928
0.20 0.0465780648366672 0.0755733718867073 0.0876091463948855 0.0905211431527240 0.1005986848562196 0.1643466399329501 0.1575065501522092 0.2050275054505595
0.21 0.0683144950937786 0.0525727804429268 0.0525654878369313 0.0517263675158423 0.1055059377760352 0.1429815767416666 0.1877962713353264 0.1848135260399410
0.22 0.0434728605142228 0.0591443779982926 0.0379639634377837 0.0853485064011398 0.1128668171557586 0.2087202327148466 0.1787093549803912 0.1703749693180706
0.23 0.0621040864488897 0.0197147926660976 0.0554857927167608 0.0646579593948029 0.0834232996368651 0.1544858415369731 0.1696224386254561 0.2541185983049188
0.24 0.0310520432244448 0.0394295853321951 0.0700873171159084 0.1215569636622294 0.1030523113161274 0.1692770391309386 0.1544775780338975 0.1501609899074521
0.25 0.0341572475468893 0.0295721889991463 0.0584060975965903 0.1060390534074767 0.1005986848562196 0.1742074383289271 0.1469051477381182 0.1674872579736965
0.26 0.0496832691591117 0.0427153841098780 0.0379639634377837 0.0491400491400502 0.0956914319364040 0.1594162407349616 0.1711369246846119 0.2035836497783725
0.27 0.0341572475468893 0.0854307682197561 0.0700873171159084 0.0775895512737635 0.1030523113161274 0.1281903791477011 0.1347892592648713 0.1877012373843150
0.28 0.0310520432244448 0.0492869816652439 0.0321233536781247 0.0439674123884660 0.0515261556580637 0.1577727743356321 0.1635644943888326 0.1198400207915242
0.29 0.0776301080611121 0.0854307682197561 0.0438045731974427 0.0491400491400502 0.1005986848562196 0.1643466399329501 0.1484196337972741 0.1573802682683872
0.30 0.0496832691591117 0.0722875731090243 0.0759279268755674 0.0750032328979713 0.0515261556580637 0.1199730471510536 0.1272168289690920 0.1617118352849484
0.31 0.0558936778040007 0.0525727804429268 0.0613264024764198 0.0905211431527240 0.0564334085778793 0.1183295807517241 0.1771948689212353 0.1516048455796391
0.32 0.0527884734815562 0.0427153841098780 0.0642467073562494 0.0905211431527240 0.0588870350377871 0.1265469127483715 0.1590210362113651 0.1270592991524594
0.33 0.0527884734815562 0.0657159755536585 0.0525654878369313 0.0465537307642581 0.0809696731769573 0.0936775847617815 0.1681079525663002 0.1573802682683872
0.34 0.0465780648366672 0.0821449694420731 0.0525654878369313 0.0724169145221792 0.0834232996368651 0.1298338455470306 0.1938542155719498 0.1299470104968335
0.35 0.0186312259346669 0.0755733718867073 0.0379639634377837 0.1189706452864373 0.0588870350377871 0.1544858415369731 0.1756803828620795 0.1212838764637113
0.36 0.0279468389020003 0.0558585792206097 0.0467248780772723 0.0620716410190108 0.1104131906958508 0.1232599799497126 0.1741658968029237 0.1140645981027761
0.37 0.0248416345795559 0.0394295853321951 0.0408842683176132 0.0568990042674265 0.0662479144175105 0.1232599799497126 0.1605355222705209 0.1573802682683872
0.38 0.0589988821264452 0.0525727804429268 0.0730076219957379 0.0491400491400502 0.0858769260967729 0.1824247703255746 0.1257023429099362 0.1645995466293224
0.39 0.0621040864488897 0.0394295853321951 0.0467248780772723 0.0620716410190108 0.0392580233585247 0.1232599799497126 0.1665934665071443 0.1111768867584020
0.40 0.0310520432244448 0.0624301767759756 0.0350436585579542 0.0491400491400502 0.1030523113161274 0.1002514503590995 0.1363037453240272 0.1068453197418409
0.41 0.0279468389020003 0.0328579877768293 0.0876091463948855 0.0646579593948029 0.0318971439788013 0.1133991815537356 0.1120719683775335 0.1155084537749631
0.42 0.0496832691591117 0.0591443779982926 0.1372543293519873 0.0672442777705950 0.0269898910589858 0.1314773119463601 0.1257023429099362 0.1054014640696538
0.43 0.0496832691591117 0.0525727804429268 0.1226528049528397 0.0724169145221792 0.0613406614976949 0.1018949167584290 0.1847672992170147 0.0938506186921575
0.44 0.0310520432244448 0.0591443779982926 0.0350436585579542 0.0672442777705950 0.0637942879576027 0.1232599799497126 0.1484196337972741 0.1400540002021428
0.45 0.0434728605142228 0.0722875731090243 0.0817685366352265 0.0491400491400502 0.0539797821179715 0.0953210511611110 0.1529630919747416 0.1256154434802724
0.46 0.0714196994162231 0.0460011828875609 0.0467248780772723 0.0413810940126738 0.0122681322995390 0.1101122487550766 0.1332747732057155 0.1342785775133946
0.47 0.0683144950937786 0.0262863902214634 0.0525654878369313 0.1086253717832688 0.0441652762783403 0.1495554423389846 0.1166154265550010 0.1400540002021428
0.48 0.0186312259346669 0.0197147926660976 0.0876091463948855 0.0387947756368817 0.0417116498184325 0.1035383831577586 0.1257023429099362 0.1270592991524594
0.49 0.0621040864488897 0.0657159755536585 0.0087609146394886 0.0801758696495556 0.0539797821179715 0.0755994543691570 0.1802238410395471 0.1241715878080854
0.50 0.0527884734815562 0.0361437865545122 0.0467248780772723 0.0362084572610896 0.0417116498184325 0.1035383831577586 0.1453906616789624 0.0938506186921575
0.51 0.0527884734815562 0.0920023657751219 0.0759279268755674 0.0724169145221792 0.0907841790165884 0.0805298535671455 0.1257023429099362 0.1198400207915242
0.52 0.0341572475468893 0.0460011828875609 0.0292030487982952 0.1060390534074767 0.0760624202571417 0.0657386559731800 0.1378182313831831 0.1082891754140279
0.53 0.0900509253508900 0.0131431951107317 0.0321233536781247 0.0775895512737635 0.0466189027382481 0.0854602527651340 0.1029850520225983 0.1198400207915242
0.54 0.0248416345795559 0.0427153841098780 0.0204421341588066 0.0750032328979713 0.0785160467170495 0.0657386559731800 0.0969271077859749 0.0967383300365316
0.55 0.0589988821264452 0.0361437865545122 0.0730076219957379 0.1034527350316846 0.0613406614976949 0.0772429207684865 0.1029850520225983 0.1357224331855817
0.56 0.0279468389020003 0.0394295853321951 0.0438045731974427 0.0465537307642581 0.0417116498184325 0.0871037191644635 0.1060140241409100 0.1342785775133946
0.57 0.0341572475468893 0.0295721889991463 0.0408842683176132 0.0465537307642581 0.0441652762783403 0.1035383831577586 0.1120719683775335 0.1183961651193372
0.58 0.0186312259346669 0.0361437865545122 0.0146015243991476 0.1189706452864373 0.0392580233585247 0.1413381103423371 0.1044995380817542 0.1299470104968335
0.59 0.0372624518693338 0.0755733718867073 0.0262827439184656 0.0853485064011398 0.0318971439788013 0.1068253159564175 0.0999560799042866 0.1097330310862150
0.60 0.0465780648366672 0.0657159755536585 0.1051309756738626 0.0310358205095054 0.0834232996368651 0.0673821223725095 0.1363037453240272 0.1025137527252798
0.61 0.0589988821264452 0.0492869816652439 0.0584060975965903 0.0620716410190108 0.0662479144175105 0.0690255887718390 0.1151009404958452 0.1140645981027761
0.62 0.0931561296733345 0.0361437865545122 0.0379639634377837 0.0413810940126738 0.0441652762783403 0.0920341183624520 0.1287313150282479 0.0895190516755964
0.63 0.0465780648366672 0.0295721889991463 0.0350436585579542 0.0336221388852975 0.0392580233585247 0.0936775847617815 0.1166154265550010 0.1126207424305890
0.64 0.0621040864488897 0.0131431951107317 0.0292030487982952 0.0543126858916344 0.0343507704387091 0.1002514503590995 0.0893546774901956 0.1039576083974668
0.65 0.0621040864488897 0.0361437865545122 0.0262827439184656 0.0336221388852975 0.0343507704387091 0.0953210511611110 0.0954126217268190 0.0750804949537260
0.66 0.0931561296733345 0.1150029572189024 0.0934497561545445 0.0543126858916344 0.0637942879576027 0.1150426479530651 0.0938981356676632 0.0851874846590353
0.67 0.0465780648366672 0.0197147926660976 0.0642467073562494 0.0232768653821290 0.0466189027382481 0.1183295807517241 0.0726953308394812 0.0866313403312223
0.68 0.0279468389020003 0.0361437865545122 0.0262827439184656 0.0491400491400502 0.0441652762783403 0.0953210511611110 0.0969271077859749 0.0808559176424742
0.69 0.0155260216122224 0.0328579877768293 0.0613264024764198 0.0413810940126738 0.0858769260967729 0.0542343911778735 0.1044995380817542 0.0822997733146612
0.70 0.0527884734815562 0.0525727804429268 0.0262827439184656 0.0594853226432187 0.0564334085778793 0.0920341183624520 0.1332747732057155 0.0895190516755964
0.71 0.0838405167060011 0.0197147926660976 0.0846888415150560 0.0698305961463871 0.0564334085778793 0.0739559879698275 0.0954126217268190 0.0938506186921575
0.72 0.0776301080611121 0.0361437865545122 0.0876091463948855 0.0387947756368817 0.0392580233585247 0.0788863871678160 0.0802677611352605 0.1082891754140279
0.73 0.0589988821264452 0.0492869816652439 0.0292030487982952 0.0620716410190108 0.0662479144175105 0.0460170591812260 0.0908691635493515 0.0880751960034094
0.74 0.0838405167060011 0.0854307682197561 0.0379639634377837 0.0439674123884660 0.0564334085778793 0.0525909247785440 0.0787532750761046 0.0909629073477835
0.75 0.0341572475468893 0.0361437865545122 0.0350436585579542 0.0387947756368817 0.0490725291981559 0.1035383831577586 0.0923836496085073 0.1025137527252798
0.76 0.0155260216122224 0.0295721889991463 0.0175218292789771 0.0336221388852975 0.0883305525566807 0.0772429207684865 0.0787532750761046 0.1241715878080854
0.77 0.0527884734815562 0.0262863902214634 0.0525654878369313 0.0310358205095054 0.0343507704387091 0.0542343911778735 0.0787532750761046 0.0924067630199705
0.78 0.0714196994162231 0.0197147926660976 0.0759279268755674 0.0155179102547527 0.0613406614976949 0.1068253159564175 0.0969271077859749 0.0707489279371649
0.79 0.0558936778040007 0.0460011828875609 0.0262827439184656 0.0465537307642581 0.0588870350377871 0.0936775847617815 0.0923836496085073 0.0649735052484167
0.80 0.0248416345795559 0.0098573963330488 0.0292030487982952 0.0594853226432187 0.0711551673373261 0.0772429207684865 0.0817822471944163 0.1270592991524594
0.81 0.0621040864488897 0.0558585792206097 0.0700873171159084 0.0568990042674265 0.0588870350377871 0.0640951895738505 0.0999560799042866 0.0707489279371649
0.82 0.0465780648366672 0.0460011828875609 0.0554857927167608 0.0672442777705950 0.0711551673373261 0.0575213239765325 0.0954126217268190 0.0707489279371649
0.83 0.0279468389020003 0.0098573963330488 0.0876091463948855 0.0439674123884660 0.0736087937972339 0.0624517231745210 0.1226733707916245 0.0837436289868483
0.84 0.0279468389020003 0.0624301767759756 0.0671670122360789 0.0258631837579212 0.0564334085778793 0.0706690551711685 0.0787532750761046 0.1097330310862150
0.85 0.0589988821264452 0.0624301767759756 0.0262827439184656 0.0362084572610896 0.0343507704387091 0.0723125215704980 0.1029850520225983 0.0866313403312223
0.86 0.0124208172897779 0.0591443779982926 0.0233624390386361 0.0465537307642581 0.0711551673373261 0.0460170591812260 0.0817822471944163 0.0721927836093519
0.87 0.0372624518693338 0.0492869816652439 0.0321233536781247 0.0853485064011398 0.0515261556580637 0.0706690551711685 0.0575504702479226 0.0967383300365316
0.88 0.0807353123835566 0.0361437865545122 0.0467248780772723 0.0310358205095054 0.0441652762783403 0.0739559879698275 0.0469490678338316 0.0996260413809057
0.89 0.0341572475468893 0.0164289938884146 0.0379639634377837 0.0672442777705950 0.0564334085778793 0.0723125215704980 0.0787532750761046 0.0822997733146612
0.90 0.0745249037386676 0.0295721889991463 0.0730076219957379 0.0413810940126738 0.0368043968986169 0.0739559879698275 0.0681518726620136 0.0664173609206038
0.91 0.0403676561917783 0.0065715975553658 0.0408842683176132 0.0206905470063369 0.0637942879576027 0.0509474583792145 0.0757243029577929 0.0952944743643446
0.92 0.0341572475468893 0.0197147926660976 0.0175218292789771 0.0284495021337133 0.0515261556580637 0.0624517231745210 0.0620939284253902 0.0808559176424742
0.93 0.0776301080611121 0.0788591706643902 0.0262827439184656 0.0387947756368817 0.0417116498184325 0.0525909247785440 0.0923836496085073 0.0779682062981001
0.94 0.0558936778040007 0.0032857987776829 0.0467248780772723 0.0232768653821290 0.0392580233585247 0.0361562607852490 0.0893546774901956 0.0837436289868483
0.95 0.0745249037386676 0.0525727804429268 0.0671670122360789 0.0336221388852975 0.0490725291981559 0.0624517231745210 0.0590649563070785 0.0924067630199705
0.96 0.0372624518693338 0.0394295853321951 0.0467248780772723 0.0232768653821290 0.0785160467170495 0.0575213239765325 0.0636084144845460 0.0866313403312223
0.97 0.0372624518693338 0.0328579877768293 0.0671670122360789 0.0465537307642581 0.0539797821179715 0.0410866599832375 0.0636084144845460 0.0736366392815390
0.98 0.0589988821264452 0.0624301767759756 0.0934497561545445 0.0310358205095054 0.0662479144175105 0.0673821223725095 0.0696663587211695 0.0635296495762297
0.99 0.0186312259346669 0.0164289938884146 0.0379639634377837 0.0258631837579212 0.0294435175188936 0.0361562607852490 0.0530070120704550 0.0649735052484167
1.00 0.0434728605142228 0.0427153841098780 0.0671670122360789 0.0258631837579212 0.0760624202571417 0.0328693279865900 0.0696663587211695 0.0765243506259131
