# Theta_p / Theta_c, M_{dc} mu = 0, M_{dc} mu = 0.01, M_{dc} mu = 0.03, M_{dc} mu = 0.1, M_{dc} mu = 0.3, M_{dc} mu = 1, M_{dc} mu = 3, M_{dc} mu = 10
0.00 0.0093898911353395 0.0138498581853238 0.0206395075758179 0.0206453433165770 0.0343474175544925 0.0531913258042662 0.0357195433376429 0.0273274284132354
0.10 0.0092926043022859 0.0139562261345687 0.0204564186664197 0.0207003407792069 0.0334022445274110 0.0528345821213744 0.0340796196444499 0.0271711412092960
0.20 0.0093058951296414 0.0132157285936700 0.0200319848768216 0.0206098595830630 0.0327387280457073 0.0526231152106261 0.0346305198342004 0.0267565762876046
0.30 0.0093719307054234 0.0132663070471750 0.0193443491359480 0.0196135310327021 0.0318981259742112 0.0498201408895737 0.0342338391181944 0.0264287620962065
0.40 0.0089349392111210 0.0134423405576820 0.0184181165123674 0.0189456357823306 0.0320714375827847 0.0477289519390187 0.0334416930492906 0.0261430451314715
0.50 0.0088751954922398 0.0135941685080042 0.0165614814061995 0.0202782522125524 0.0311674863366463 0.0450168947341855 0.0326206505136848 0.0270856305816228
0.60 0.0081803407127524 0.0133715257494491 0.0173140087440107 0.0192991500865645 0.0311813158452755 0.0458048053922488 0.0322178591598414 0.0268641392042066
0.70 0.0090211759809365 0.0131370937372875 0.0152095128643771 0.0183788549323743 0.0298856788007074 0.0422997994027137 0.0317263092526196 0.0260457420455283
0.80 0.0093347154875399 0.0138704953882628 0.0133745400582588 0.0185984630023517 0.0294700528655579 0.0419565190384474 0.0323839222749010 0.0252467621065163
0.90 0.0087569238304756 0.0132581403660830 0.0113956069622964 0.0187272374906772 0.0274435838591442 0.0423377936984180 0.0324164344855086 0.0264507532424987
1.00 0.0093088782217919 0.0092236373272186 0.0157654131250746 0.0197920730905798 0.0270309599000903 0.0369091542801372 0.0409451723224751 0.0278780964508411
