# xi_g, F_{g, c, 1}
0 1.740000e-04
1 1.740000e-04
2 1.740000e-04
3 1.740000e-04
4 1.740000e-04
5 1.740000e-04
6 1.740000e-04
7 1.740000e-04
8 1.740000e-04
9 1.740000e-04
10 1.740000e-04
11 1.740000e-04
12 1.740000e-04
13 1.740000e-04
14 1.740000e-04
15 1.740000e-04
16 1.740000e-04
17 1.740000e-04
18 1.740000e-04
19 1.740000e-04
20 1.740000e-04
21 1.740000e-04
22 1.740000e-04
23 1.800000e-04
24 1.800000e-04
25 1.800000e-04
26 1.800000e-04
27 1.800000e-04
28 1.800000e-04
29 1.800000e-04
30 1.860000e-04
31 1.860000e-04
32 1.860000e-04
33 1.860000e-04
34 1.920000e-04
35 1.920000e-04
36 1.920000e-04
37 1.920000e-04
38 1.980000e-04
39 1.980000e-04
40 1.980000e-04
41 2.040000e-04
42 1.980000e-04
43 1.920000e-04
44 1.860000e-04
45 1.860000e-04
46 1.800000e-04
47 1.740000e-04
48 1.740000e-04
49 1.680000e-04
50 1.680000e-04
51 1.620000e-04
52 1.620000e-04
53 1.560000e-04
54 1.560000e-04
55 1.560000e-04
56 1.500000e-04
57 1.500000e-04
58 1.500000e-04
59 1.440000e-04
60 1.440000e-04
61 1.440000e-04
62 1.380000e-04
63 1.380000e-04
64 1.380000e-04
65 1.380000e-04
66 1.320000e-04
67 1.320000e-04
68 1.320000e-04
69 1.320000e-04
70 1.320000e-04
71 1.260000e-04
72 1.260000e-04
73 1.260000e-04
74 1.260000e-04
75 1.260000e-04
76 1.260000e-04
77 1.260000e-04
78 1.200000e-04
79 1.200000e-04
80 1.200000e-04
81 1.200000e-04
82 1.200000e-04
83 1.200000e-04
84 1.200000e-04
85 1.200000e-04
86 1.200000e-04
87 1.200000e-04
88 1.200000e-04
89 1.200000e-04
90 1.200000e-04
91 1.200000e-04
92 1.200000e-04
93 1.140000e-04
94 1.140000e-04
95 1.140000e-04
96 1.140000e-04
97 1.140000e-04
98 1.140000e-04
99 1.140000e-04
100 1.200000e-04
101 1.200000e-04
102 1.200000e-04
103 1.200000e-04
104 1.200000e-04
105 1.200000e-04
106 1.200000e-04
107 1.200000e-04
108 1.200000e-04
109 1.200000e-04
110 1.200000e-04
111 1.200000e-04
112 1.200000e-04
113 1.200000e-04
114 1.200000e-04
115 1.260000e-04
116 1.260000e-04
117 1.260000e-04
118 1.260000e-04
119 1.260000e-04
120 1.260000e-04
121 1.260000e-04
122 1.320000e-04
123 1.320000e-04
124 1.320000e-04
125 1.320000e-04
126 1.320000e-04
127 1.380000e-04
128 1.380000e-04
129 1.380000e-04
130 1.380000e-04
131 1.440000e-04
132 1.440000e-04
133 1.440000e-04
134 1.500000e-04
135 1.500000e-04
136 1.500000e-04
137 1.560000e-04
138 1.560000e-04
139 1.560000e-04
140 1.620000e-04
141 1.620000e-04
142 1.680000e-04
143 1.680000e-04
144 1.740000e-04
145 1.740000e-04
146 1.800000e-04
147 1.860000e-04
148 1.860000e-04
149 1.920000e-04
150 1.980000e-04
151 2.040000e-04
152 2.040000e-04
153 2.100000e-04
154 2.160000e-04
155 2.220000e-04
156 2.280000e-04
157 2.400000e-04
158 2.460000e-04
159 2.520000e-04
160 2.640000e-04
161 2.700000e-04
162 2.820000e-04
163 2.940000e-04
164 3.060000e-04
165 2.700000e-04
166 2.460000e-04
167 2.280000e-04
168 2.160000e-04
169 1.980000e-04
170 1.920000e-04
171 1.800000e-04
172 1.680000e-04
173 1.560000e-04
174 1.500000e-04
175 1.440000e-04
176 1.380000e-04
177 1.320000e-04
178 1.260000e-04
179 1.200000e-04
180 1.200000e-04
181 1.140000e-04
182 1.140000e-04
183 1.140000e-04
184 1.080000e-04
185 1.080000e-04
186 1.080000e-04
187 1.080000e-04
188 1.020000e-04
189 1.020000e-04
190 1.020000e-04
191 1.020000e-04
192 9.600000e-05
193 9.600000e-05
194 9.600000e-05
195 9.600000e-05
196 9.000000e-05
197 9.000000e-05
198 9.000000e-05
199 9.000000e-05
200 8.400000e-05
201 8.400000e-05
202 8.400000e-05
203 8.400000e-05
204 8.400000e-05
205 7.800000e-05
206 7.800000e-05
207 7.800000e-05
208 7.800000e-05
209 7.800000e-05
210 7.800000e-05
211 7.800000e-05
212 7.200000e-05
213 7.200000e-05
214 7.200000e-05
215 7.200000e-05
216 7.200000e-05
217 7.200000e-05
218 7.200000e-05
219 7.200000e-05
220 7.200000e-05
221 6.600000e-05
222 6.600000e-05
223 6.600000e-05
224 6.600000e-05
225 6.600000e-05
226 6.600000e-05
227 6.600000e-05
228 6.600000e-05
229 6.600000e-05
230 6.600000e-05
231 6.600000e-05
232 6.600000e-05
233 6.600000e-05
234 6.600000e-05
235 6.600000e-05
236 6.600000e-05
237 6.600000e-05
238 6.600000e-05
239 6.600000e-05
240 6.600000e-05
241 6.600000e-05
242 6.600000e-05
243 6.600000e-05
244 6.600000e-05
245 6.600000e-05
246 6.600000e-05
247 6.600000e-05
248 6.600000e-05
249 6.600000e-05
250 6.600000e-05
251 6.600000e-05
252 6.600000e-05
253 6.600000e-05
254 6.600000e-05
255 6.600000e-05
256 6.600000e-05
257 6.600000e-05
258 6.600000e-05
259 6.600000e-05
260 6.600000e-05
261 6.600000e-05
262 6.600000e-05
263 6.600000e-05
264 6.600000e-05
265 6.600000e-05
266 6.600000e-05
267 6.600000e-05
268 7.200000e-05
269 7.200000e-05
270 7.200000e-05
271 7.200000e-05
272 7.200000e-05
273 7.200000e-05
274 8.400000e-05
275 7.800000e-05
276 8.400000e-05
277 8.400000e-05
278 8.400000e-05
279 8.400000e-05
280 8.400000e-05
281 8.400000e-05
282 8.400000e-05
283 8.400000e-05
284 9.000000e-05
285 9.000000e-05
286 9.000000e-05
287 9.600000e-05
288 9.600000e-05
289 9.600000e-05
290 9.600000e-05
291 9.600000e-05
292 1.020000e-04
293 1.020000e-04
294 1.020000e-04
295 1.020000e-04
296 1.080000e-04
297 1.080000e-04
298 1.080000e-04
299 1.080000e-04
300 1.140000e-04
301 1.200000e-04
302 1.140000e-04
303 1.140000e-04
304 1.200000e-04
305 1.200000e-04
306 1.260000e-04
307 1.260000e-04
308 1.260000e-04
309 1.320000e-04
310 1.320000e-04
311 1.380000e-04
312 1.380000e-04
313 1.440000e-04
314 1.440000e-04
315 1.500000e-04
316 1.620000e-04
317 1.680000e-04
318 1.800000e-04
319 1.920000e-04
320 2.040000e-04
321 2.160000e-04
322 2.340000e-04
323 2.460000e-04
324 2.460000e-04
325 2.400000e-04
326 2.340000e-04
327 2.340000e-04
328 2.280000e-04
329 2.220000e-04
330 2.220000e-04
331 2.160000e-04
332 2.160000e-04
333 2.100000e-04
334 2.100000e-04
335 2.100000e-04
336 2.040000e-04
337 2.040000e-04
338 2.040000e-04
339 1.980000e-04
340 1.980000e-04
341 1.980000e-04
342 1.920000e-04
343 1.920000e-04
344 1.920000e-04
345 1.860000e-04
346 1.860000e-04
347 1.860000e-04
348 1.860000e-04
349 1.860000e-04
350 1.800000e-04
351 1.800000e-04
352 1.800000e-04
353 1.800000e-04
354 1.800000e-04
355 1.800000e-04
356 1.740000e-04
357 1.740000e-04
358 1.740000e-04
359 1.740000e-04
# xi_g, F_{g, c, 1}^0
41.226438 2.009928e-04
42.453736 1.951028e-04
43.681035 1.896328e-04
44.908333 1.845435e-04
46.135631 1.798006e-04
47.362930 1.753738e-04
48.590228 1.712364e-04
49.817527 1.673648e-04
51.044825 1.637378e-04
52.272123 1.603367e-04
53.499422 1.571447e-04
54.726720 1.541466e-04
55.954019 1.513289e-04
57.181317 1.486794e-04
58.408615 1.461869e-04
59.635914 1.438416e-04
60.863212 1.416343e-04
62.090511 1.395567e-04
63.317809 1.376015e-04
64.545107 1.357617e-04
65.772406 1.340311e-04
66.999704 1.324041e-04
68.227003 1.308755e-04
69.454301 1.294404e-04
70.681599 1.280946e-04
71.908898 1.268341e-04
73.136196 1.256553e-04
74.363495 1.245548e-04
75.590793 1.235296e-04
76.818091 1.225769e-04
78.045390 1.216942e-04
79.272688 1.208792e-04
80.499987 1.201298e-04
81.727285 1.194441e-04
82.954583 1.188203e-04
84.181882 1.182571e-04
85.409180 1.177529e-04
86.636479 1.173066e-04
87.863777 1.169171e-04
89.091075 1.165835e-04
90.318374 1.163050e-04
91.545672 1.160809e-04
92.772971 1.159108e-04
94.000269 1.157943e-04
95.227567 1.157310e-04
96.454866 1.157209e-04
97.682164 1.157639e-04
98.909462 1.158601e-04
100.136761 1.160097e-04
101.364059 1.162131e-04
102.591358 1.164707e-04
103.818656 1.167832e-04
105.045954 1.171513e-04
106.273253 1.175758e-04
107.500551 1.180578e-04
108.727850 1.185983e-04
109.955148 1.191988e-04
111.182446 1.198607e-04
112.409745 1.205856e-04
113.637043 1.213753e-04
114.864342 1.222319e-04
116.091640 1.231576e-04
117.318938 1.241549e-04
118.546237 1.252263e-04
119.773535 1.263748e-04
121.000834 1.276038e-04
122.228132 1.289166e-04
123.455430 1.303170e-04
124.682729 1.318094e-04
125.910027 1.333983e-04
127.137326 1.350887e-04
128.364624 1.368861e-04
129.591922 1.387965e-04
130.819221 1.408266e-04
132.046519 1.429834e-04
133.273818 1.452751e-04
134.501116 1.477103e-04
135.728414 1.502986e-04
136.955713 1.530508e-04
138.183011 1.559785e-04
139.410310 1.590948e-04
140.637608 1.624143e-04
141.864906 1.659529e-04
143.092205 1.697289e-04
144.319503 1.737622e-04
145.546802 1.780755e-04
146.774100 1.826945e-04
148.001398 1.876478e-04
149.228697 1.929682e-04
150.455995 1.986929e-04
151.683294 2.048645e-04
152.910592 2.115320e-04
154.137890 2.187518e-04
155.365189 2.265895e-04
156.592487 2.351216e-04
157.819786 2.444380e-04
159.047084 2.546447e-04
160.274382 2.658683e-04
161.501681 2.782604e-04
162.728979 2.920048e-04
163.956278 3.073257e-04
163.956278 3.073257e-04
165.543788 2.637815e-04
167.131299 2.312007e-04
168.718809 2.059242e-04
170.306320 1.857584e-04
171.893830 1.693083e-04
173.481341 1.556444e-04
175.068851 1.441237e-04
176.656362 1.342869e-04
178.243872 1.257975e-04
179.831383 1.184032e-04
181.418893 1.119110e-04
183.006404 1.061710e-04
184.593915 1.010649e-04
186.181425 9.649803e-05
187.768936 9.239395e-05
189.356446 8.869002e-05
190.943957 8.533459e-05
192.531467 8.228467e-05
194.118978 7.950416e-05
195.706488 7.696257e-05
197.293999 7.463397e-05
198.881509 7.249615e-05
200.469020 7.053003e-05
202.056530 6.871909e-05
203.644041 6.704901e-05
205.231552 6.550727e-05
206.819062 6.408292e-05
208.406573 6.276635e-05
209.994083 6.154909e-05
211.581594 6.042364e-05
213.169104 5.938339e-05
214.756615 5.842243e-05
216.344125 5.753554e-05
217.931636 5.671806e-05
219.519146 5.596585e-05
221.106657 5.527520e-05
222.694168 5.464283e-05
224.281678 5.406580e-05
225.869189 5.354150e-05
227.456699 5.306761e-05
229.044210 5.264210e-05
230.631720 5.226316e-05
232.219231 5.192921e-05
233.806741 5.163889e-05
235.394252 5.139103e-05
236.981762 5.118464e-05
238.569273 5.101891e-05
240.156783 5.089319e-05
241.744294 5.080699e-05
243.331805 5.075999e-05
244.919315 5.075200e-05
246.506826 5.078298e-05
248.094336 5.085307e-05
249.681847 5.096252e-05
251.269357 5.111177e-05
252.856868 5.130139e-05
254.444378 5.153213e-05
256.031889 5.180490e-05
257.619399 5.212080e-05
259.206910 5.248110e-05
260.794421 5.288731e-05
262.381931 5.334112e-05
263.969442 5.384447e-05
265.556952 5.439957e-05
267.144463 5.500891e-05
268.731973 5.567527e-05
270.319484 5.640180e-05
271.906994 5.719203e-05
273.494505 5.804991e-05
275.082015 5.897988e-05
276.669526 5.998694e-05
278.257036 6.107668e-05
279.844547 6.225542e-05
281.432058 6.353028e-05
283.019568 6.490932e-05
284.607079 6.640166e-05
286.194589 6.801767e-05
287.782100 6.976920e-05
289.369610 7.166980e-05
290.957121 7.373502e-05
292.544631 7.598287e-05
294.132142 7.843417e-05
295.719652 8.111326e-05
297.307163 8.404864e-05
298.894673 8.727396e-05
300.482184 9.082921e-05
302.069695 9.476224e-05
303.657205 9.913085e-05
305.244716 1.040054e-04
306.832226 1.094726e-04
308.419737 1.156400e-04
310.007247 1.226437e-04
311.594758 1.306572e-04
313.182268 1.399060e-04
314.769779 1.506884e-04
316.357289 1.634075e-04
317.944800 1.786214e-04
319.532311 1.971259e-04
321.119821 2.200961e-04
322.707332 2.493422e-04
322.707332 2.493422e-04
323.492523 2.457856e-04
324.277714 2.423740e-04
325.062905 2.391001e-04
325.848096 2.359571e-04
326.633287 2.329389e-04
327.418478 2.300396e-04
328.203669 2.272537e-04
328.988860 2.245762e-04
329.774051 2.220022e-04
330.559242 2.195274e-04
331.344433 2.171474e-04
332.129624 2.148584e-04
332.914815 2.126567e-04
333.700006 2.105387e-04
334.485198 2.085013e-04
335.270389 2.065414e-04
336.055580 2.046561e-04
336.840771 2.028426e-04
337.625962 2.010984e-04
338.411153 1.994211e-04
339.196344 1.978084e-04
339.981535 1.962581e-04
340.766726 1.947682e-04
341.551917 1.933369e-04
342.337108 1.919621e-04
343.122299 1.906424e-04
343.907490 1.893760e-04
344.692681 1.881614e-04
345.477872 1.869971e-04
346.263063 1.858819e-04
347.048255 1.848144e-04
347.833446 1.837935e-04
348.618637 1.828179e-04
349.403828 1.818865e-04
350.189019 1.809985e-04
350.974210 1.801527e-04
351.759401 1.793483e-04
352.544592 1.785845e-04
353.329783 1.778604e-04
354.114974 1.771753e-04
354.900165 1.765285e-04
355.685356 1.759193e-04
356.470547 1.753471e-04
357.255738 1.748113e-04
358.040929 1.743114e-04
358.826120 1.738470e-04
359.611312 1.734175e-04
0.396503 1.730225e-04
1.181694 1.726617e-04
1.966885 1.723346e-04
2.752076 1.720411e-04
3.537267 1.717808e-04
4.322458 1.715534e-04
5.107649 1.713587e-04
5.892840 1.711966e-04
6.678031 1.710670e-04
7.463222 1.709695e-04
8.248413 1.709043e-04
9.033604 1.708712e-04
9.818795 1.708703e-04
10.603986 1.709014e-04
11.389177 1.709646e-04
12.174369 1.710600e-04
12.959560 1.711877e-04
13.744751 1.713478e-04
14.529942 1.715404e-04
15.315133 1.717657e-04
16.100324 1.720240e-04
16.885515 1.723155e-04
17.670706 1.726405e-04
18.455897 1.729992e-04
19.241088 1.733920e-04
20.026279 1.738194e-04
20.811470 1.742817e-04
21.596661 1.747793e-04
22.381852 1.753129e-04
23.167043 1.758828e-04
23.952234 1.764897e-04
24.737426 1.771342e-04
25.522617 1.778169e-04
26.307808 1.785385e-04
27.092999 1.792999e-04
27.878190 1.801017e-04
28.663381 1.809449e-04
29.448572 1.818304e-04
30.233763 1.827590e-04
31.018954 1.837318e-04
31.804145 1.847499e-04
32.589336 1.858145e-04
33.374527 1.869267e-04
34.159718 1.880879e-04
34.944909 1.892993e-04
35.730100 1.905625e-04
36.515291 1.918789e-04
37.300483 1.932502e-04
38.085674 1.946780e-04
38.870865 1.961642e-04
39.656056 1.977107e-04
40.441247 1.993195e-04
41.226438 2.009928e-04
