# Theta_p / Theta_c, Delta phi mu = 0, Delta phi mu = 0.01, Delta phi mu = 0.03, Delta phi mu = 0.1, Delta phi mu = 0.3, Delta phi mu = 1, Delta phi mu = 3, Delta phi mu = 10
0.00 0.0000000000000000 0.0000000000000000 0.0000000000000000 0.0000000000000000 0.0000000000000000 0.0000000000000000 0.0000000000000000 0.0000000000000000
0.10 0.0000707532797619 0.0001095280417994 0.0001348977910530 0.0000453104636478 0.0009564604091586 0.0002525551637196 0.0001990675423951 0.0000469396922259
0.20 -0.0002108075548104 0.0002242237618736 0.0002902935479469 0.0003100463299379 0.0013299506733659 0.0007155748768510 0.0008719900583893 0.0000335808417340
0.30 -0.0002780014283353 0.0001818489916195 0.0004754121380788 0.0007172316884367 0.0015509566317200 0.0008184603505966 0.0015524586613713 0.0008511674241530
0.40 0.0001713635107555 0.0001598963560472 0.0005408356540808 0.0014513231751855 0.0015841749420042 0.0007577487606240 0.0016700317743092 0.0017879688998121
0.50 0.0002232485663196 0.0008179605820344 0.0008880906391441 0.0020810056937033 0.0016880137094262 0.0015497169121882 0.0021805947261533 0.0022238868769443
0.60 0.0003269220609743 0.0004591313344791 0.0003379822717102 0.0029111159566672 0.0023895309647202 0.0023837663801271 0.0027306524148180 0.0023071861600799
0.70 0.0001771429187040 0.0001839810544386 0.0002884226019497 0.0030020216603308 0.0027146013440111 0.0033372127464186 0.0031754394993219 0.0042387873562846
0.80 -0.0000794945018672 -0.0002659638417714 0.0005184331549090 0.0029699887461401 0.0040900703465595 0.0030384107081770 0.0043420856246945 0.0054228533976346
0.90 0.0001725141311965 -0.0005604207042700 0.0003189311039486 0.0035108708304207 0.0050273065307063 0.0032445887658481 0.0047765856772085 0.0075930044885804
1.00 -0.0003393217768021 -0.0007128212293083 0.0016329811843985 0.0033573117448753 0.0040043833551276 0.0037040598913605 0.0065178348986614 0.0072161961584372
