# time, time average ug 0 degree, time average ug 45 degree, time average ug 90 degree, time average ug 135 degree, time average ug 180 degree, time average ug control
6283.19 0.0085222513588942 0.0175053319566497 0.0274733473877330 0.0525120388911635 0.0621586333216083 0.0179807428980095
12566.37 0.0077891074606457 0.0188444908617671 0.0283913629091371 0.0475668625144526 0.0664367587519823 0.0173277431108839
18849.56 0.0071114284051235 0.0264276125053823 0.0401507410581158 0.0528485412899527 0.0693820187208026 0.0160343272670405
25132.74 0.0064764723594553 0.0264740466075503 0.0499396923100386 0.0692906154348333 0.0741492171353770 0.0152642915269632
31415.93 0.0063311469074672 0.0299681702877995 0.0513582103904502 0.0760325052197872 0.0875225060273448 0.0176036973242705
37699.11 0.0059548926203190 0.0308323146293133 0.0485976827423915 0.0848237610743525 0.0924560338985806 0.0166649824507050
43982.30 0.0062849555693075 0.0338496281856082 0.0436974685562163 0.0913259171129178 0.0962464627961912 0.0194270028481967
50265.48 0.0080362444664418 0.0376005347737402 0.0408475923175665 0.0975977700752815 0.1042667675068176 0.0249942622295167
56548.67 0.0085924129759109 0.0412557778804618 0.0439724346825369 0.1016948060437356 0.1160573685845663 0.0269311265016282
62831.85 0.0085618462144427 0.0431135919757572 0.0478277962444948 0.1022572499367002 0.1182056414417142 0.0243999846257806
69115.04 0.0081059426873953 0.0492098486995211 0.0462999071995894 0.0987852334830294 0.1174970611491454 0.0222773312400208
75398.22 0.0077835221083859 0.0556563196021059 0.0472889096642449 0.0985407405209477 0.1120154792951217 0.0207353272764674
81681.41 0.0073115691915201 0.0631587720249831 0.0442549924032217 0.0977213620654744 0.1065362932788553 0.0211442724922762
87964.59 0.0068136047630652 0.0734053938667301 0.0414132468445040 0.0999171099305479 0.1047694599693930 0.0205084712687615
94247.78 0.0063593665285364 0.0874574647860905 0.0398877748262089 0.1024305026706200 0.1038921445254429 0.0206210255142371
100530.96 0.0059618811274851 0.0959197756054480 0.0384263606709850 0.0994826495304536 0.1045185230260325 0.0200517237448043
106814.15 0.0056111823073524 0.1028859458346204 0.0373340530224228 0.0956704969714676 0.1075194822933289 0.0199140370938215
113097.34 0.0052994499573439 0.1089406277887424 0.0387798861105499 0.0934939041907246 0.1072800278839466 0.0193998912583863
119380.52 0.0050205315386516 0.1128698468697997 0.0389288056883061 0.0920674170539580 0.1044125520125763 0.0195215847402393
125663.71 0.0047695049616800 0.1120148748132396 0.0423894103787520 0.0880507139560327 0.1049613209879635 0.0197043176086680
131946.89 0.0045423856778803 0.1104129633766336 0.0439997388470173 0.0845754808864718 0.1024187429611148 0.0190315705869526
138230.08 0.0043359136018423 0.1144154798998246 0.0464217421117970 0.0824352565276297 0.0988256264683409 0.0192767015854769
144513.26 0.0041473956192666 0.1193327237868861 0.0493247194385863 0.0801636501436756 0.0973492505146508 0.0204191182269425
150796.45 0.0039745874685232 0.1214378052716493 0.0526512108081025 0.0790819676174258 0.0961291711382925 0.0207048304794863
157079.63 0.0038156039698436 0.1244547153382459 0.0531055909925975 0.0788603426024850 0.0958882407995113 0.0220975483737618
163362.82 0.0036688499710211 0.1300958424714830 0.0524239379308829 0.0795073267131018 0.0987527880588001 0.0245113636936017
169646.00 0.0035329666388127 0.1338521644250046 0.0526345401588916 0.0802158274210922 0.0994326230170264 0.0279077568155538
175929.19 0.0034067892588072 0.1407317167267530 0.0523462613118616 0.0819348271981276 0.0986471054960942 0.0340894163733422
182212.37 0.0032893137671514 0.1461690331620007 0.0522838376093636 0.0841266227973107 0.0982200145151120 0.0373625503730873
188495.56 0.0031796699750285 0.1500333657758066 0.0521314934195157 0.0851309390972665 0.0982216036331499 0.0420174163732243
194778.74 0.0030770999759871 0.1516516186860514 0.0525204679859257 0.0860558840670797 0.0969348273446342 0.0435913412801746
201061.93 0.0029809406018905 0.1530233892244811 0.0542858980768949 0.0867052063126153 0.0968475982352385 0.0442171088872442
207345.12 0.0028906090685356 0.1545747971041900 0.0559267165340227 0.0876139303161483 0.0976563258612523 0.0464295879204924
213628.30 0.0028055911548201 0.1544410343234562 0.0569744494075951 0.0872996846616171 0.0973426143362601 0.0481609570664629
219911.49 0.0027254314076513 0.1548577725538594 0.0591926641423905 0.0857565948977868 0.0989926263168406 0.0498746626828761
226194.67 0.0026497249797695 0.1572617970430421 0.0609313582951337 0.0854160144580875 0.0981589317419941 0.0510249012665840
232477.86 0.0025781107912448 0.1611407645204415 0.0627604875432063 0.0840129711062548 0.0964813647951545 0.0534996125820350
238761.04 0.0025102657705176 0.1613671259819169 0.0640525825074880 0.0830601641492080 0.0975146800660953 0.0570466889633876
245044.23 0.0024458999816360 0.1636093656980983 0.0661262904922997 0.0820763909993723 0.0973236275226630 0.0594032125171325
251327.41 0.0023847524821907 0.1655941727296590 0.0687734188299441 0.0807982730638944 0.0973085372974873 0.0606363498785771
257610.60 0.0023265877876299 0.1658787493026098 0.0698609839908887 0.0789870310504830 0.0983314140618105 0.0613851457463014
263893.78 0.0022711928404142 0.1661263473340631 0.0706157846824651 0.0773603345736504 0.0980281564787592 0.0627275205883008
270176.97 0.0022183744023666 0.1654902198099330 0.0722924461235170 0.0759202235448625 0.0981129279472595 0.0622192590550742
276460.15 0.0021679568024697 0.1652211354610985 0.0728516105427264 0.0748000162641360 0.0974845547930893 0.0623268689428265
282743.34 0.0021197799847181 0.1647349513256884 0.0738701363555811 0.0735656672693535 0.0960958132253240 0.0641693348867380
289026.52 0.0020736978112080 0.1639602214181358 0.0758608181937943 0.0720999111688488 0.0951143686401940 0.0646852257177813
295309.71 0.0020295765812624 0.1635901946435097 0.0778728917863803 0.0710779751360434 0.0946387788323579 0.0659183381566270
301592.89 0.0019872937359057 0.1636337245774421 0.0796984647456568 0.0703179732092718 0.0934184747933572 0.0670528456277616
307876.08 0.0019467367209298 0.1632274288316714 0.0804704538492699 0.0698316144144459 0.0927312297310555 0.0678133306217628
314159.27 0.0019078019865071 0.1640672482061316 0.0818649236291621 0.0694643701395225 0.0921052194180240 0.0677076397287853
