# Theta / Theta_c, time average ug 0 degree, time average ug 180 degree, time average ug control
0.100000 0.0000176312697306 0.0328573363528007 0.0000412619872139
0.150000 0.0000839414711028 0.0418752265098131 0.0014535908469390
0.200000 0.0000835887131889 0.0580531898130419 0.0041300078658861
0.250000 0.0003036558638666 0.0578635341213971 0.0101520888913244
0.300000 0.0007578460526307 0.0585337089098602 0.0145859702331066
0.350000 0.0007009485385141 0.0627735045984995 0.0167953547785706
0.400000 0.0006833196312832 0.0748151194427636 0.0178145478131694
0.450000 0.0018367729329867 0.0788449556376333 0.0188539491690894
0.500000 0.0079096899288141 0.0859195874272907 0.0218954634285251
0.550000 0.0076548326208048 0.0897113998557599 0.0294062265803504
0.600000 0.0070435785954680 0.0991822545288802 0.0366942648581642
0.650000 0.0065150372446886 0.1037659128681162 0.0363250421175119
0.700000 0.0070597231544934 0.1057147465803270 0.0387375589578181
0.750000 0.0068285565878361 0.1083130890102448 0.0532569776960867
0.800000 0.0092159047430824 0.1117074652569943 0.0619662028324573
0.850000 0.0122080641528869 0.1143902327047641 0.0671888069404141
0.900000 0.0149869363537612 0.1194864696923543 0.0763001195076142
0.950000 0.0226212655404957 0.1204927622195385 0.0851494788701131
1.000000 0.0276308650643016 0.1212000121027628 0.0931792239573683
1.050000 0.0422566635740121 0.1208002781782221 0.0993264771965018
1.100000 0.0523488655825731 0.1260759727631362 0.1096108645591855
1.150000 0.0590506314521794 0.1397056413857375 0.1155077387838135
1.200000 0.0654445703379935 0.1437070027372935 0.1244917144967146
1.250000 0.0787365733809161 0.1476640240987703 0.1322080026658344
1.300000 0.0947919210430482 0.1485557650343892 0.1385201465648617
1.350000 0.1140156205287704 0.1499590896890028 0.1504137976403334
1.400000 0.1258549066813796 0.1548475294718513 0.1616280587469913
1.450000 0.1409642721971948 0.1592927344545235 0.1798775037242650
1.500000 0.1563621927827610 0.1649678046132680 0.1947484460540400
1.550000 0.1818171387779183 0.1693274825189963 0.2037453565204171
1.600000 0.1914240118679787 0.1731298769692348 0.2135568394551017
1.650000 0.2011450452083629 0.1750954481579781 0.2245211984767325
1.700000 0.2142051013167935 0.1765011177816775 0.2346225942243546
