# M(Theta), mean ug, mean ug standard variance (mu = 0, alpha = 0 degree)
0.000000 0.0027106559592456 0.0018019834962883
0.004935 0.0054361296869623 0.0026848445531324
0.009890 0.0074538757168190 0.0038912676606058
0.014712 0.0102558963023002 0.0043776155989662
0.019709 0.0124887109950144 0.0038591575383818
0.024808 0.0163168439488669 0.0061844167713654
0.029833 0.0221652471154520 0.0075058957081616
0.034493 0.0291293293693370 0.0125931433050567
0.039567 0.0447587990286251 0.0147634498766662
0.044071 0.0457751955079780 0.0278332752679513
0.049542 0.0784246140778308 0.0093963100787159
0.054397 0.0777360779392332 0.0362723896362637
0.060136 0.0878950521611283 0.0384420206160533
0.066324 0.0780829875347637 0.0303138533966844
0.069673 0.0922632727745798 0.0435204718682954
0.075548 0.0943420754008930 0.0419804549877581
0.078682 0.0815402828258020 0.0188920111675414
0.083397 0.1409068024439656 0.0192011635123451
0.089359 0.1046934321465094 0.0377188018165844
0.096154 0.1586051129614439 0.0000000000000000
0.099526 0.0847050928616159 0.0000000000000000
0.109005 0.1030421219337756 0.0000000000000000
0.113744 0.1348848456246839 0.0000000000000000
0.118483 0.1660610234001030 0.0000000000000000
0.132701 0.1982658853724281 0.0000000000000000
0.146919 0.2453198862967870 0.0000000000000000
# M(Theta), mean ug, mean ug standard variance (mu = 0, alpha = 180 degree)
0.009901 0.0024457860191437 0.0013511650317601
0.014815 0.0055435283368677 0.0011114751962661
0.019876 0.0093197270910816 0.0085533445450606
0.024912 0.0233962205736360 0.0131868549158429
0.029562 0.0363570560152219 0.0182334125854490
0.034687 0.0192763519401355 0.0115149585345334
0.039309 0.0362613537190841 0.0190033406257140
0.044508 0.0499480952490959 0.0157026170186371
0.049468 0.0630260466239717 0.0169331707450094
0.054589 0.0751215008829784 0.0318215302423760
0.059600 0.0786462316296460 0.0378952377233831
0.063957 0.0876831703929405 0.0137911400091048
0.068859 0.1158712277016105 0.0136367568957259
0.075183 0.0847571554913772 0.0411405812352053
0.079984 0.1070417698133658 0.0319382014703653
0.085102 0.1247045358584002 0.0335573019908752
0.090850 0.1577232991202563 0.0290947615638235
0.093596 0.1550008676726111 0.0000000000000000
0.100503 0.1384893090521443 0.0000000000000000
0.104265 0.0668798275727511 0.0000000000000000
0.109621 0.1433091624194271 0.0372032248798983
0.113300 0.1928098437367919 0.0000000000000000
0.118483 0.0973413387834930 0.0000000000000000
0.127962 0.1168280834883560 0.0000000000000000
0.137441 0.1438360922052225 0.0090245074574682
0.146919 0.1665890937242034 0.0000000000000000
0.156398 0.1846166608269550 0.0000000000000000
0.161137 0.2125202912943099 0.0000000000000000
0.175355 0.2378009406306117 0.0000000000000000
0.184834 0.2603536093323563 0.0000000000000000
# M(Theta), mean ug, mean ug standard variance (mu = 0, control)
0.000000 0.0016394950821161 0.0010573332675233
0.004908 0.0025759563404712 0.0013972995102260
0.009848 0.0086779997201173 0.0055923216274132
0.014877 0.0098622956887427 0.0058531907999052
0.019641 0.0113296563609374 0.0091706210537366
0.024511 0.0102683384343860 0.0060114398620844
0.029632 0.0278074473778536 0.0112607511653385
0.034492 0.0419029932619706 0.0122512347611531
0.039249 0.0478238033495499 0.0215083832678499
0.044830 0.0541033799936341 0.0204829778947032
0.049819 0.0904773853520030 0.0215029616773583
0.053867 0.0835994977402030 0.0317000101718944
0.059247 0.0744204184293664 0.0280342543790948
0.063520 0.0937392245315423 0.0320606272867319
0.070564 0.0911954216185199 0.0357500593848877
0.074510 0.1102257487103554 0.0366855868842401
0.080472 0.1383561285119164 0.0094108175696273
0.084787 0.1294469643954756 0.0388723553115816
0.089582 0.1099426805262410 0.0302048016591186
0.095112 0.1533074495440183 0.0137273341818878
0.101696 0.1877789178011378 0.0052993514502278
0.105285 0.1468355408190383 0.0689044378052606
0.117925 0.0849608747794765 0.0000000000000000
0.122642 0.0965523615296141 0.0000000000000000
0.132075 0.1042566079965252 0.0000000000000000
0.136792 0.1211832450752176 0.0000000000000000
0.146226 0.1362101587325978 0.0000000000000000
0.150943 0.1951546021551194 0.0243823484649887
0.155660 0.2441348824489805 0.0000000000000000
# M(Theta), mean ug, mean ug standard variance (mu = 0.01, alpha = 0 degree)
0.000000 0.0020917755097808 0.0019916948241689
0.004915 0.0051823976786673 0.0027032774332143
0.009653 0.0020700632146688 0.0020687121747542
0.014685 0.0062842808339476 0.0028076958980881
0.019446 0.0057936456571185 0.0037819005136253
0.024560 0.0097509460632173 0.0039335521333386
0.029346 0.0183073719747831 0.0136338467312647
0.034324 0.0247587588815522 0.0218976335322597
0.038980 0.0274091343049709 0.0193958393778500
0.045157 0.0414651906842034 0.0332012495847215
0.048999 0.0447143177666737 0.0337240763266398
0.053857 0.0434912914901632 0.0321349583131173
0.058829 0.0718302630217458 0.0258601399445941
0.064127 0.0908568196126355 0.0422637052157880
0.069403 0.0740100634758528 0.0230489982421755
0.074226 0.1105602580329270 0.0272950899372556
0.078395 0.0973590364059964 0.0216162028519080
0.084277 0.1468833646801996 0.0221881262607777
0.088396 0.1088727984855840 0.0148775777015301
0.092834 0.1512432567464650 0.0192499842615459
0.098039 0.1549075149204568 0.0000000000000000
0.107981 0.1301415099208558 0.0000000000000000
0.112676 0.1472347762721758 0.0000000000000000
0.126761 0.1654429854090519 0.0057615366289214
# M(Theta), mean ug, mean ug standard variance (mu = 0.01, alpha = 180 degree)
0.005025 0.0133309897658525 0.0074181314904770
0.010050 0.0264268611624879 0.0010011476991967
0.015075 0.0310229431139800 0.0014077837426020
0.019621 0.0083609678048916 0.0051949359309166
0.024459 0.0228837186090354 0.0092300110501932
0.029199 0.0333392141518955 0.0163261160877268
0.034243 0.0294947218669248 0.0157197539550143
0.039255 0.0282995522688609 0.0126281770830729
0.044218 0.0438975464853156 0.0073194315953867
0.048889 0.0571763211431342 0.0126868719558089
0.054442 0.0710862979239482 0.0244499330505316
0.058860 0.0680072228591698 0.0181093501155643
0.063602 0.0864204232406524 0.0172429944553715
0.069082 0.0924852920151978 0.0330123799247619
0.073807 0.1076388902751250 0.0170808278816249
0.078281 0.1283014964536264 0.0250116694598303
0.083886 0.1063424512883870 0.0399737481517443
0.088684 0.1232070443739336 0.0281925664471040
0.093321 0.1281015846918078 0.0088941714538301
0.098177 0.1364427588606799 0.0298607930485725
0.105167 0.1626086328756684 0.0220945400746322
0.115806 0.1181023836370057 0.0123305877943283
0.126761 0.1455000371248548 0.0000000000000000
0.131455 0.1686964295150527 0.0000000000000000
0.145540 0.1946834439033379 0.0084814518192726
0.154930 0.2221882418939881 0.0000000000000000
# M(Theta), mean ug, mean ug standard variance (mu = 0.01, control)
0.000000 0.0038693752374420 0.0028240175678059
0.004907 0.0059296909855648 0.0029999405433615
0.009836 0.0081190033291803 0.0060239723314224
0.014718 0.0070664912748374 0.0070034435310811
0.019343 0.0135927096447462 0.0052164489208070
0.024463 0.0179383687893191 0.0127530194484808
0.029274 0.0291172638154119 0.0174932213141746
0.034288 0.0446847027550375 0.0188371566098377
0.039737 0.0440746635355279 0.0315109802049953
0.043750 0.0446068922328457 0.0112755002056063
0.048853 0.0623237103037348 0.0112154223699032
0.053451 0.0721991490383177 0.0194632030458721
0.058400 0.0674822233915643 0.0176029719236056
0.064966 0.0771844965881756 0.0310831904172005
0.069791 0.0890951659036113 0.0249186254840917
0.075109 0.0994953489880374 0.0297395790148340
0.079176 0.0995267338027964 0.0341972624641458
0.084618 0.1154645591910896 0.0263693916040422
0.090032 0.1009044538091143 0.0356176062490598
0.094312 0.1215577808600082 0.0464482643659636
0.098390 0.1506303246442055 0.0205295263806068
0.103056 0.1181440409413041 0.0273523601466675
0.112711 0.1357972987602916 0.0341606358167885
0.126761 0.1144388342759444 0.0000000000000000
0.131455 0.1441427891520466 0.0119463785519938
0.140845 0.1841380614451301 0.0065770385566856
0.150235 0.1982498316398317 0.0000000000000000
0.154930 0.2075349061911699 0.0000000000000000
# M(Theta), mean ug, mean ug standard variance (mu = 0.1, alpha = 0 degree)
0.000000 0.0007082696982310 0.0010163192399411
0.004907 0.0027627809568208 0.0022373314022660
0.009736 0.0023136943174645 0.0013715596631550
0.014556 0.0075217863117200 0.0059519746288784
0.019686 0.0088883595969558 0.0117937888347920
0.024495 0.0088771681819401 0.0060901802382731
0.029582 0.0152389980337318 0.0127526364673598
0.034436 0.0163538803096387 0.0151839482126174
0.039193 0.0287193042065287 0.0177914674169186
0.044159 0.0541955626192278 0.0280034235428575
0.049674 0.0510813963354886 0.0413125018499660
0.053661 0.0464113826884472 0.0199716119631200
0.058992 0.0603902410345648 0.0271519154148487
0.064039 0.0397725348613872 0.0141331810090051
0.069082 0.0812772283149561 0.0182585840772159
0.073171 0.1102719061637670 0.0111081211657365
0.078561 0.1247802621872914 0.0138760362840370
0.083744 0.1193025296003360 0.0169557880434262
0.088670 0.1502219403546402 0.0000000000000000
0.098522 0.1323525058064334 0.0000000000000000
0.103448 0.1500033757371761 0.0000000000000000
# M(Theta), mean ug, mean ug standard variance (mu = 0.1, alpha = 180 degree)
0.009916 0.0050231868620185 0.0027520882556010
0.014663 0.0154454981665631 0.0077242998865894
0.019622 0.0168317182117165 0.0099657197206592
0.024585 0.0277298660015416 0.0157509708519053
0.029510 0.0269415118857213 0.0106193061194553
0.034517 0.0414342065271213 0.0135460979710218
0.039239 0.0425484382781531 0.0148775792890453
0.043992 0.0502892018638868 0.0113174784270214
0.049091 0.0636016081360748 0.0164905409225821
0.053933 0.0730869128994410 0.0254368645810451
0.058745 0.0775605688229100 0.0199009339738227
0.064283 0.0709576955115399 0.0173450578376389
0.069869 0.0957956144958998 0.0201086621864241
0.074689 0.1005366634229935 0.0274364583214456
0.079144 0.1059868773152307 0.0241128418217310
0.083472 0.0995882063337077 0.0358120526478213
0.088346 0.1238675843258894 0.0371417805323730
0.093742 0.1419762640984732 0.0250539864117908
0.104222 0.1370921347044670 0.0214526940148657
0.108374 0.1382048832121582 0.0000000000000000
0.113300 0.1494099458836478 0.0000000000000000
0.123153 0.1625803930723712 0.0000000000000000
# M(Theta), mean ug, mean ug standard variance (mu = 0.1, control)
0.000000 0.0014263302791380 0.0013590563295268
0.004967 0.0055802745764312 0.0048482484793903
0.009935 0.0084192502825728 0.0060437655833626
0.014671 0.0106230740185261 0.0061735298703078
0.019893 0.0141371099483253 0.0070273294225936
0.024708 0.0191486534845325 0.0098578166078268
0.029975 0.0375176286579664 0.0108983203421191
0.034548 0.0431015587579372 0.0228777416555311
0.039665 0.0522276093134559 0.0205627657775349
0.044442 0.0426405588122471 0.0221166364991674
0.049392 0.0669821815677437 0.0352646644326002
0.054461 0.0667607350467239 0.0361108001846503
0.059676 0.0774033144456968 0.0259136216934634
0.064404 0.0755143357691114 0.0160412521996976
0.069709 0.0814282840378152 0.0221473151415092
0.074566 0.1171459077771343 0.0210874940335183
0.079209 0.1052260143539447 0.0101826573987608
0.084438 0.1122686403789326 0.0182206141471604
0.089552 0.1002977706523179 0.0000000000000000
0.094178 0.1301706834922640 0.0136952090319507
0.098522 0.1417378478046600 0.0000000000000000
0.104478 0.1387914580552432 0.0000000000000000
0.109453 0.1564599287775028 0.0000000000000000
# M(Theta), mean ug, mean ug standard variance (mu = 1, alpha = 0 degree)
0.000000 0.0099265303844852 0.0074308851744183
0.004901 0.0175321456599556 0.0114099593242348
0.009845 0.0170869084237029 0.0111075793213217
0.014665 0.0447277102782954 0.0227613334644120
0.019751 0.0417079138849716 0.0300984940480078
0.024616 0.0568958901392280 0.0205313629312264
0.029307 0.0771713358304388 0.0432034065040653
0.034321 0.0996394661551160 0.0459991102443650
0.039346 0.0894211430705376 0.0438300469080821
0.044049 0.1612650245185420 0.0275393350971319
0.049161 0.1179327022339602 0.0589248225472044
0.054321 0.1721348140057423 0.0316203161419517
0.058400 0.1387077959545673 0.0401212966866910
0.064522 0.1487034517433103 0.0438078286748313
0.069674 0.1982518748013812 0.0248618020992192
0.073354 0.2228793409178344 0.0181597208224959
0.082524 0.2686685082137792 0.0000000000000000
# M(Theta), mean ug, mean ug standard variance (mu = 1, alpha = 180 degree)
0.004944 0.0330455345136591 0.0049593445728050
0.009844 0.0244224622863175 0.0083117297803236
0.014783 0.0403750773295234 0.0117105119073060
0.019655 0.0429924229231113 0.0120855751072571
0.024409 0.0561633936570380 0.0110277168241012
0.029211 0.0634532242293519 0.0134025023254511
0.034129 0.0771537972555775 0.0219617105028481
0.038952 0.0926082889963002 0.0283837276634730
0.043668 0.0994171890572216 0.0300211154223117
0.048943 0.0991308462563166 0.0266063085444057
0.053938 0.1117300443415860 0.0273829040284482
0.058992 0.1496711692221773 0.0523836071199156
0.064339 0.1549175585572846 0.0572836728819166
0.068601 0.1726183045937086 0.0511196266072946
0.074208 0.1539737156313473 0.0377770604228269
0.078942 0.1457869968902757 0.0225057328971605
0.084847 0.1645440408405979 0.0341947623173807
0.089345 0.1881023894952734 0.0392688813495521
0.095458 0.1917559513676191 0.0059330714919006
0.101942 0.2247417230754271 0.0000000000000000
0.106796 0.2457318006528093 0.0000000000000000
0.123153 0.2067196265150328 0.0000000000000000
0.137931 0.2359700505429957 0.0128232265604523
0.142857 0.2791932995743138 0.0000000000000000
# M(Theta), mean ug, mean ug standard variance (mu = 1, control)
0.000000 0.0200648479902402 0.0056554948472073
0.004897 0.0257795913163167 0.0130910243478836
0.009772 0.0339044380894841 0.0096020757010490
0.014669 0.0384806397647616 0.0087409982966838
0.019673 0.0466527786430028 0.0095529511426358
0.024465 0.0541259485770238 0.0098226813465128
0.029164 0.0671390592346183 0.0147645111624315
0.033969 0.0743645804622425 0.0175397699946426
0.039376 0.0813406138051729 0.0244341724466100
0.043818 0.1027747554889711 0.0245365360114231
0.050037 0.1075586100300456 0.0327735480136513
0.053862 0.1234445431084303 0.0169001599413959
0.059735 0.1396324913434246 0.0304518731314343
0.064179 0.1409311377586321 0.0260322213105950
0.069520 0.1591506051737985 0.0472935029508396
0.073965 0.1756315281370911 0.0202333144441933
0.080464 0.1598227880098241 0.0440195720431277
0.085749 0.2069217084195395 0.0122494714859280
0.090158 0.2162706005070189 0.0434508503421702
0.094792 0.1915195729819400 0.0720098076157749
0.099542 0.1773097022793738 0.0497993318755109
0.104665 0.2252047607646553 0.0440324360338386
0.110553 0.2223650532246787 0.0000000000000000
0.116751 0.1404887649999847 0.0000000000000000
0.120603 0.2382064515909703 0.0000000000000000
0.131980 0.1563952609922192 0.0000000000000000
0.135678 0.2625547520124040 0.0000000000000000
0.140704 0.2885098159227201 0.0000000000000000
# M(Theta), mean ug, mean ug standard variance (mu = 10, alpha = 0 degree)
0.000000 0.0068305100980809 0.0029756773230736
0.004942 0.0145858871084010 0.0073269409998530
0.009884 0.0129122074396781 0.0036543770278687
0.014814 0.0185655579928126 0.0053510803232461
0.019646 0.0344420191306242 0.0111058852209925
0.024928 0.0317164774444165 0.0141671456970280
0.029831 0.0554059121438535 0.0247997987261237
0.034518 0.0625944375870938 0.0311681394553380
0.039381 0.0776650278835644 0.0234757483460248
0.044909 0.0744493386783140 0.0343937265343243
0.049685 0.0916066649551096 0.0461560710578688
0.054502 0.0972108688965229 0.0398926002245112
0.059792 0.1012643062537906 0.0474124196547980
0.065008 0.1142012610792329 0.0127425328521542
0.069195 0.1500315630902929 0.0401783317232068
0.074627 0.1243621076958052 0.0000145798029439
0.079341 0.1537746310355907 0.0260641239684723
0.084872 0.1538196408390177 0.0122391109537003
0.089258 0.1815838877175516 0.0187122754261825
0.093596 0.1824259116757192 0.0083225381301347
0.098522 0.2086225047957486 0.0000000000000000
0.106599 0.1927298806713140 0.0000000000000000
# M(Theta), mean ug, mean ug standard variance (mu = 10, alpha = 180 degree)
0.005000 0.0232644187477413 0.0006099955316657
0.009938 0.0276068600642321 0.0026387421111126
0.014647 0.0314456766966753 0.0051147505741210
0.019983 0.0379130236704072 0.0025779407173796
0.024642 0.0419761579586039 0.0023704175129404
0.029955 0.0466437513597700 0.0093092160563666
0.034248 0.0515861705622542 0.0086401996816480
0.039292 0.0613098184224729 0.0162067588800278
0.044634 0.0664905396894024 0.0165952990414847
0.049754 0.1009066445410231 0.0341227358316498
0.055175 0.0900257598047364 0.0374366989985080
0.059203 0.1013044451822817 0.0169452774558828
0.064620 0.0875368194201132 0.0322093001053721
0.070191 0.1111329605120733 0.0346077166341089
0.074802 0.1134319875583050 0.0256000731333393
0.079129 0.1298798236394786 0.0397711170501121
0.084464 0.1388236185692353 0.0381832925017061
0.089752 0.1582326393237534 0.0346163965052855
0.093908 0.1514418771979258 0.0015291910996516
0.099012 0.1563252840109324 0.0524984183354571
0.104628 0.1549306441368946 0.0154695610891693
0.108645 0.1911366199002584 0.0404905054636262
0.113300 0.1608321749644421 0.0000000000000000
0.119011 0.1894003249100400 0.0086788546918777
0.124378 0.2260176733665260 0.0000000000000000
0.132353 0.2165736864502115 0.0000000000000000
0.147059 0.2307011944643908 0.0033966100405183
# M(Theta), mean ug, mean ug standard variance (mu = 10, control)
0.000000 0.0166681226811294 0.0047759071440642
0.005018 0.0248963507381678 0.0065033527441174
0.009945 0.0330703549925278 0.0100219807161122
0.015089 0.0437910472721642 0.0187119569585063
0.019943 0.0472184490209605 0.0186512584856900
0.024877 0.0578722151102680 0.0158139115849567
0.030093 0.0543895588409877 0.0207442071751212
0.034986 0.0906560094346847 0.0337440455570727
0.040125 0.0692587999299879 0.0359386250329911
0.045315 0.0860207854874460 0.0416966563404927
0.050407 0.0683214607763230 0.0113920021354456
0.055219 0.0910164782350311 0.0478234576086873
0.060073 0.0822905624282376 0.0163458843061316
0.065066 0.1108313641446287 0.0163595682981062
0.069827 0.1316246234941139 0.0444458242193123
0.073453 0.1133688774862380 0.0280385777565542
0.079704 0.1632331966942561 0.0440487461395242
0.084780 0.1447750640935047 0.0119181635872092
0.089702 0.1920190189200096 0.0166279568862151
0.094598 0.1402283432968607 0.0298627626737758
0.102041 0.2504556504982169 0.0000000000000000
0.104452 0.1581177230704422 0.0343691966287664
0.110025 0.1884222912670209 0.0234852855032145
0.118227 0.1701619832327388 0.0000000000000000
0.124076 0.2122765239701128 0.0102319861589445
0.130208 0.2287176699767761 0.0000000000000000
