# Theta / Theta_c, time average ug 0 degree, time average ug 45 degree, time average ug 90 degree, time average ug 135 degree, time average ug 180 degree, time average ug control
0.352941 0.0001328569935217 0.0011973832392240 0.0016768574786100 0.0011776713787820 0.0156632924087358 0.0003771697429219
0.411765 0.0001232214368124 0.0011853080352309 0.0031908442986635 0.0014963335558093 0.0142867756656792 0.0018160660139159
0.470588 0.0001193787553208 0.0017562897570765 0.0048239428947641 0.0070574044085860 0.0127243441096274 0.0031580020236953
0.529412 0.0003450505638335 0.0061723746678726 0.0043971666721774 0.0114224236419585 0.0135083812099530 0.0035837523258689
0.588235 0.0003980459501066 0.0079211211736542 0.0074672921124313 0.0143420343700720 0.0211551163614058 0.0039588749146814
0.647059 0.0003703470218214 0.0093337724483088 0.0103294130753809 0.0164592972035939 0.0310098961388218 0.0044361807995906
0.705882 0.0006857019507044 0.0105763467522793 0.0150017783299874 0.0174092817422880 0.0381706614038412 0.0048271994321717
0.764706 0.0006678107971822 0.0103273124622182 0.0194849895888703 0.0199758389610202 0.0606429384309088 0.0055305042486576
0.823529 0.0025580261844715 0.0166350600856444 0.0225953584122669 0.0204416013836436 0.0535220795001267 0.0082741523724588
0.882353 0.0037442982280281 0.0220223150919671 0.0302839704740609 0.0340975023820112 0.0555308999920143 0.0078793619887708
0.941176 0.0052294555903492 0.0234035861996673 0.0419601433988385 0.0457344178586787 0.0756869498848058 0.0093498753532495
1.000000 0.0042707889719531 0.0270219237755897 0.0428719172179050 0.0720526119112307 0.0718961501701189 0.0101617992007195
1.058824 0.0068984086909454 0.0364522181301733 0.0416681646321584 0.0948586181150151 0.0980518426500060 0.0219370975551213
1.117647 0.0099166966749057 0.0629010086301461 0.0474258438067753 0.1229260146863399 0.1167397971170869 0.0513413244098811
1.176471 0.0615202663288523 0.0928689527863525 0.0422495723002302 0.1612842213704612 0.1047635804889300 0.0508872638649007
