# Theta / Theta_c, M(Theta) 0 degree, M(Theta) 45 degree, M(Theta) 90 degree, M(Theta) 135 degree, M(Theta) 180 degree, M(Theta) control
0.000000 0.0000000000000000 0.0000000000000000 0.0000000000000000 0.0000000000000000 0.0000000000000000
0.050000 0.0000000000000000 0.0000000000000000 0.0000000000000000 0.0000000000000000 0.0000000000000000
0.100000 0.0000000000000000 0.0006313131313131 0.0006313131313131 0.0000000000000000 0.0000000000000000
0.150000 0.0000000000000000 0.0006313131313131 0.0012698827354000 0.0006313131313131 0.0000000000000000
0.200000 0.0000000000000000 0.0012698827354000 0.0012698827354000 0.0025253755163165 0.0006422607578677
0.250000 0.0006385696040868 0.0012698827354000 0.0018976291258582 0.0031566886476296 0.0006422607578677
0.300000 0.0006385696040868 0.0012698827354000 0.0031566886476296 0.0050543177734878 0.0006422607578677
0.350000 0.0006385696040868 0.0019011958667131 0.0050543177734878 0.0082332880610462 0.0006422607578677
0.400000 0.0006385696040868 0.0044674449309682 0.0088977060459166 0.0088646011923593 0.0025802452539917
0.450000 0.0018976291258582 0.0070078456144396 0.0127079894647880 0.0132769021764648 0.0051419481625154
0.500000 0.0031569311942530 0.0089017850083790 0.0146091853315011 0.0151672748295493 0.0057879429945568
0.550000 0.0044268139296529 0.0114452402110978 0.0177694407199856 0.0158058444336362 0.0070724645102922
0.600000 0.0069888610403816 0.0127115562056429 0.0215682657125570 0.0177142967731230 0.0109049143498218
0.650000 0.0095250597703267 0.0158609883804988 0.0228308919751832 0.0215206207850914 0.0121571189353597
0.700000 0.0114262556370398 0.0177694407199856 0.0253856826131382 0.0247067245543595 0.0140765610860158
0.750000 0.0120575687683529 0.0209592342211725 0.0279371490568616 0.0253380376856726 0.0185433991868448
0.800000 0.0152187019161323 0.0241562841951332 0.0304519439061728 0.0329359302174386 0.0249257430224058
0.850000 0.0196753236334718 0.0254189104577594 0.0310832570374860 0.0342022462119837 0.0268344842634845
0.900000 0.0196753236334718 0.0285730296793884 0.0323681649400409 0.0380414325308861 0.0319580610263250
0.950000 0.0241054617573563 0.0311278203173433 0.0336603293153696 0.0399576535647541 0.0332389764932870
1.000000 0.0266524837009300 0.0355919410540800 0.0400141874925192 0.0418480262178387 0.0332389764932870
1.050000 0.0323311006795806 0.0381359084784063 0.0406527570966061 0.0462860560271684 0.0345235409294152
1.100000 0.0336160085821355 0.0400262811314908 0.0457437464645061 0.0475381016227894 0.0408963658393843
1.150000 0.0361376943665332 0.0412961638668908 0.0476376858584455 0.0519905213866025 0.0434330919406576
1.200000 0.0393232859141937 0.0451095018050096 0.0546077124441938 0.0545339765893213 0.0504472838070450
1.250000 0.0431121654524313 0.0501746427921260 0.0583851335561313 0.0577315387848895 0.0536111860720709
1.300000 0.0487942296163774 0.0546055356842414 0.0628269726529393 0.0608884699791425 0.0555270221739535
1.350000 0.0532503391121094 0.0558681619468676 0.0672391540814854 0.0691183108548932 0.0612461077807132
1.400000 0.0577064486078414 0.0616094218917780 0.0697361117910177 0.0710159399807514 0.0631438177450640
1.450000 0.0621480451580260 0.0660432497475813 0.0716451993431760 0.0729100023657547 0.0675643082801656
1.500000 0.0665896417082106 0.0711164019757023 0.0748098992318102 0.0773337617761604 0.0714070546810516
1.550000 0.0678487012299820 0.0749233612003422 0.0779816130465948 0.0792386473747923 0.0765416627206199
1.600000 0.0748332407612778 0.0787077962384301 0.0817767483072473 0.0843110448346824 0.0803448693051043
1.650000 0.0773551690922988 0.0831132062874492 0.0907298408466499 0.0875015931041003 0.0835164849806206
1.700000 0.0817711598083231 0.0843981141900042 0.0932660395765950 0.0906805633916586 0.0885649293152391
1.750000 0.0894220195269993 0.0894489847781965 0.0964415626788578 0.0944724974491435 0.0930035889082654
1.800000 0.0925822749154838 0.0913652058120646 0.1002332541897194 0.0963815850013019 0.0994015186508852
1.850000 0.0951334988125839 0.0945255841916131 0.1046608228876032 0.0995864036696437 0.1019382447521585
1.900000 0.0963925583343553 0.0970331225681506 0.1071826316630649 0.1021456388077484 0.1038327100955641
1.950000 0.1008558013117970 0.1027555480584277 0.1103109025039103 0.1053281758361616 0.1057309095131434
2.000000 0.1021407092143520 0.1097297765977025 0.1109422156352234 0.1091678743766715 0.1076146739469717
