# Theta_p / Theta_c, M_{ac} mu = 0, M_{ac} mu = 0.01, M_{ac} mu = 0.03, M_{ac} mu = 0.1, M_{ac} mu = 0.3, M_{ac} mu = 1, M_{ac} mu = 3, M_{ac} mu = 10
0.00 0.0003293490449546 0.0010226031194867 0.0019315963842608 0.0005735081956654 0.0011728721130600 0.0042762963658324 0.0007304207541699 0.0010707535146526
0.10 0.0001445616770280 0.0014904419260014 0.0018246321031995 0.0005772141233948 0.0015006590832100 0.0044621707188752 0.0005665535900231 0.0009457836131330
0.20 0.0002008347514339 0.0017037862760795 0.0026346719447145 0.0004587421520757 0.0022855038659733 0.0064181302186675 0.0002198410906696 0.0007107307338446
0.30 0.0001519122534971 0.0019525752768504 0.0028084377308743 0.0011079016731675 0.0018105350945985 0.0083778549478077 0.0007421554975002 0.0007405301282652
0.40 0.0004401421686083 0.0016064355175970 0.0024284157875100 0.0019516379110307 0.0013319342014082 0.0098686631398542 0.0009209318834481 0.0018631723005911
0.50 0.0006889186857814 0.0021041462200056 0.0030323513990176 0.0022659830634196 0.0022630097286331 0.0108367812835808 0.0031576574111700 0.0023179076394387
0.60 0.0015436071745129 0.0027131638250989 0.0030928970446257 0.0037998914923324 0.0018299086576514 0.0111011039632275 0.0038615431700267 0.0048933475626056
0.70 0.0019328644912393 0.0040913249241334 0.0046508238618623 0.0047111370236485 0.0041476326228710 0.0120582667773382 0.0045496599840435 0.0058223919330679
0.80 0.0031857038942332 0.0047278032230529 0.0053153162868735 0.0071162679117448 0.0058693426839571 0.0154017726196875 0.0088868711372833 0.0091124762743598
0.90 0.0025266336763490 0.0052426953769814 0.0061604757006416 0.0079544181558864 0.0081252991445183 0.0158658642055112 0.0085960900751178 0.0087135417428689
1.00 0.0034187643468288 0.0063886822889694 0.0092592977273688 0.0110373952198849 0.0115576800660590 0.0178678779168164 0.0109277804998948 0.0095046390154123
